  0.10000000000000001       0.31301530150722701        1.1734986035766456E-017
  0.20000000000000001       0.31483755405015851        5.7562739164001061E-018
  0.29999999999999999       0.31679683217541721        3.4942192783666921E-018
  0.40000000000000002       0.31888504558177244        1.1068456335979980E-018
  0.50000000000000000       0.32107845266887308        3.1483301834192718E-019
  0.59999999999999998       0.32334386333588283        1.3243070138963278E-019
  0.69999999999999996       0.32563445498508981        1.0406052039149455E-021
  0.80000000000000004       0.32788392260355587        1.3429828221918934E-019
  0.90000000000000002       0.33000436357093882        2.5045876800492895E-020
   1.0000000000000000       0.33187465925619658        2.2273591460844272E-020
   1.1000000000000001       0.33333214673157452        3.3732106967921243E-021
   1.2000000000000000       0.33415249111382089        1.1784505273045678E-020
   1.3000000000000000       0.33401054340772035        7.9393952676974868E-021
   1.3999999999999999       0.33236234727942066        1.9979180328851492E-021
   1.5000000000000000       0.32796659032784031        5.3802412803195769E-021
   1.6000000000000001       0.31725630354402257        1.6004212718911659E-022
   1.7000000000000000       0.29763374660643716        6.3929215285340976E-025
   1.8000000000000000       0.27354010255148004        1.7784069902920714E-023
   1.8999999999999999       0.97765322783933950        3.1004091971832252E-003
   2.0000000000000000       0.22115479499159518        2.6396301125109498E-023
   2.1000000000000001       0.95110820179070654        5.6745248877641116E-003
   2.2000000000000002       0.87637520248241518        1.3621773992428780E-002
   2.2999999999999998       0.96165046565166201        4.6253155477765104E-003
   2.3999999999999999       0.11769959973834129        2.8984042485785226E-025
   2.5000000000000000        9.4574037703304817E-002   5.6599333209905403E-023
   2.6000000000000001       0.62404056390629048       0.10373927044616657     
   2.7000000000000002        6.3693770539567734E-002   1.1874639177959944E-022
   2.7999999999999998       0.57968383463980511       0.10368724549122046     
   2.8999999999999999        4.7871185548188734E-002   8.4029567261631898E-022
   3.0000000000000000       0.35322428175933696       0.20676112973079688     
   3.1000000000000001       0.29108995525294479       0.23978842395797775     
   3.2000000000000002       0.25703258108586835       0.26957533475605600     
   3.2999999999999998       0.23088389610757362       0.28515192510656612     
   3.3999999999999999       0.22084069195571582       0.30409897624574439     
   3.5000000000000000       0.17653163062585994       0.33444010908352778     
   3.6000000000000001       0.17302475513954652       0.34598695499047449     
   3.7000000000000002       0.16611756981679648       0.36448268389026467     
   3.7999999999999998        6.1433223099676311E-002   8.6669539678511905E-018
   3.8999999999999999       0.20172067748370001       0.35805469608491469     
   4.0000000000000000        7.1774945503792167E-002   2.5809047359852843E-016
   4.0999999999999996        7.6335351615411898E-002   2.2105641368939248E-017
   4.2000000000000002       0.12459780282870868       0.43397859576869641     
   4.2999999999999998       0.11905085196084868       0.44539164459893155     
   4.4000000000000004       0.11504602302340672       0.45557544007727457     
   4.5000000000000000       0.11131116465646532       0.46560362262836952     
   4.5999999999999996       0.11177801415658982       0.47283259605349859     
   4.7000000000000002       0.11471601543217648       0.47895339722741398     
   4.7999999999999998       0.34192754385884622        5.6675001246880418E-004
   4.9000000000000004       0.12307406654750727       0.48895284548247897     
   5.0000000000000000       0.10279780828646272       0.50245778260782858     
   5.0999999999999996       0.14824009886518255       0.49509404354274755     
   5.2000000000000002       0.15602367965342856       0.50547114125327430     
   5.2999999999999998       0.15809913391714303       0.50084498932401511     
   5.4000000000000004       0.23811398834054323       0.50419236459157335     
   5.5000000000000000       0.14496312497594627       0.51513931487824494     
   5.5999999999999996       0.13553733663764936       0.52339754200919320     
   5.7000000000000002       0.13098923868503010       0.52856814818887587     
   5.7999999999999998       0.13011032585343527       0.53495141411768465     
   5.9000000000000004       0.13264866882418969       0.54345386609220969     
   6.0000000000000000       0.23055632282595051        6.2441653354947321E-011
   6.0999999999999996       0.24938995214745652        3.9517608476259119E-005
   6.2000000000000002       0.25349204244614126        5.1467356638554284E-011
   6.2999999999999998       0.11490754890369798       0.55714601471891068     
   6.4000000000000004       0.12199456077794758       0.56043546859547244     
   6.5000000000000000        7.5672624912729594E-002   2.8192103986979905E-012
   6.5999999999999996       0.16975539278284443       0.55493560236634121     
   6.7000000000000002       0.13621684874756801       0.56998696196343601     
   6.7999999999999998       0.11573913687378788       0.57234372676436585     
   6.9000000000000004       0.23157516643777176       0.54819743240510665     
   7.0000000000000000       0.14123836371148821        2.0238752565892164E-004
   7.0999999999999996       0.14402446751143866       0.56975337289219874     
   7.2000000000000002       0.16631136415728151       0.56276876736144366     
   7.2999999999999998       0.10083963296152959        1.6762158083115696E-003
   7.4000000000000004       0.14957558003175378       0.57499544610074771     
   7.5000000000000000       0.14711033123757031       0.57784584046498599     
   7.5999999999999996       0.14501971882739409       0.58049839447758722     
   7.7000000000000002       0.14849154016479044       0.58225912522609191     
   7.7999999999999998       0.14325968849766013       0.58530255438786238     
   7.9000000000000004       0.14231444208465024       0.58756855829204391     
   8.0000000000000000       0.14338838716157637       0.58900274259908503     
   8.0999999999999996        9.0742959175644219E-002   7.5968388855670362E-005
   8.1999999999999993       0.14910178826332154       0.59027887688748548     
   8.3000000000000007       0.14697738398053817       0.59297435327278925     
   8.4000000000000004       0.14793779363419846       0.59460184398613736     
   8.5000000000000000       0.15869050119161393       0.59340412458638525     
   8.5999999999999996       0.15076833530864256       0.59683567214532429     
   8.6999999999999993       0.15677019159531161       0.59546509268060510     
   8.8000000000000007       0.15339444073026470       0.59899540318394207     
   8.9000000000000004       0.15447961318480180       0.59988370116383383     
   9.0000000000000000       0.15628841927345222       0.60080299207067622     
   9.0999999999999996       0.15704012637566359       0.60190799906667769     
   9.1999999999999993       0.12618662718859819        3.5158745846142928E-005
   9.3000000000000007        9.3642706231036932E-002   1.5631358660418908E-012
   9.4000000000000004        8.8069904789903536E-002   5.1499134801773585E-004
   9.5000000000000000       0.16588465280879439       0.60521077575462590     
   9.5999999999999996       0.17105067462524265       0.60444293596189813     
   9.6999999999999993       0.17427479158393855       0.61099277840202137     
   9.8000000000000007       0.15409752945537392       0.61386886551155906     
   9.9000000000000004       0.18377703981082402       0.61098633259993840     
   10.000000000000000       0.18765542794869353       0.60383992016399868     
