  0.10000000000000001        9.1022917657391400E-002   5.0321184512324099E-016
  0.20000000000000001        9.2936533829067872E-002   9.5016286509594360E-018
  0.29999999999999999        9.5543356966637100E-002   2.4221437939975592E-017
  0.40000000000000002        9.9516461759759006E-002   3.4030690594805887E-016
  0.50000000000000000       0.10554011835149389        1.6992129464147615E-016
  0.59999999999999998       0.11425063758244079        5.4981850036997401E-018
  0.69999999999999996       0.12543821487651430        3.5882640188700492E-018
  0.80000000000000004       0.13780088210245800        5.0547129768608363E-017
  0.90000000000000002       0.14917263776914463        1.7627361187829878E-017
   1.0000000000000000       0.15830596467828428        1.0335693716138962E-018
   1.1000000000000001       0.16526172582476076        1.1597504303398934E-017
   1.2000000000000000       0.17084021901272767        1.4758949024363981E-018
   1.3000000000000000       0.17524019884580869        7.1496960678662279E-020
   1.3999999999999999       0.17887171675073424        5.5296470557508929E-019
   1.5000000000000000       0.18206275797976115        1.1972095247553449E-019
   1.6000000000000001       0.18504922899155066        2.3639943756598756E-021
   1.7000000000000000       0.18798742557249393        1.8521744857050194E-018
   1.8000000000000000       0.19097179895317565        5.9307976739790007E-018
   1.8999999999999999       0.19405265127049512        9.3102097157438841E-018
   2.0000000000000000       0.19725045037773917        8.0348602592152097E-018
   2.1000000000000001       0.20056877189569297        9.7385174530290717E-018
   2.2000000000000002       0.20399960231670805        4.7870237168824270E-019
   2.2999999999999998       0.22284121669225598        4.2737592420325939E-002
   2.3999999999999999       0.21114260636094759        1.4675685912410475E-017
   2.5000000000000000       0.21482426072754371        4.7168509445111902E-020
   2.6000000000000001       0.21855848885846713        4.8371284261145552E-019
   2.7000000000000002       0.22233147007056073        8.6230590181275638E-019
   2.7999999999999998       0.22613113385085179        5.3190197556327420E-017
   2.8999999999999999       0.13770698186721997        7.3876818122550716E-002
   3.0000000000000000        9.0487259255487298E-002  0.11950919108195607     
   3.1000000000000001       0.23757860951795323        6.8224888465331663E-017
   3.2000000000000002       0.10314440602940927       0.11514264870731265     
   3.2999999999999998       0.11631156703978585        7.4657708172494272E-002
   3.3999999999999999       0.19472939332074843        3.4323725596099766E-002
   3.5000000000000000       0.25266375610403885        6.2649373411928141E-018
   3.6000000000000001        5.1151630738793578E-002  0.13342981034678325     
   3.7000000000000002       0.26001973275921009        1.3442107911963821E-016
   3.7999999999999998       0.10126812545159497       0.16877334935272015     
   3.8999999999999999       0.26720691188631263        6.0379565797135562E-017
   4.0000000000000000       0.27072847177157561        2.5744074403898523E-017
   4.0999999999999996       0.40149902275768895        3.9656064245944915E-002
   4.2000000000000002       0.27760385996782344        5.5775450998237949E-018
   4.2999999999999998       0.33489898425961429       0.12689375721175203     
   4.4000000000000004       0.28424356540106771        1.4643725416080933E-015
   4.5000000000000000       0.28745961828935118        8.0932320172165611E-016
   4.5999999999999996       0.29059882250326269        1.5908500063145725E-016
   4.7000000000000002       0.29366441091996842        9.3566792438854036E-016
   4.7999999999999998       0.29665220201226422        5.4050063845302196E-016
   4.9000000000000004       0.29954826365142406        1.6223329954747628E-015
   5.0000000000000000       0.30236725829445382        1.1210062778112442E-015
   5.0999999999999996       0.10932496755063248       0.22848925426338471     
   5.2000000000000002       0.30767028888423748        4.0163892777651625E-015
   5.2999999999999998       0.12008117489702204       0.19680026065055692     
   5.4000000000000004       0.31246345987019980        1.5115372011605916E-016
   5.5000000000000000       0.33088907747465818        3.3462214296285497E-003
   5.5999999999999996       0.14071584707051496       0.21745916277076255     
   5.7000000000000002       0.13988557131975354       0.19875557404978708     
   5.7999999999999998       0.16160455848047786       0.25402618756450690     
   5.9000000000000004       0.17214806922263892       0.25247058804254990     
   6.0000000000000000       0.32243146760200336        1.8667719128619949E-016
   6.0999999999999996       0.32315655475569649        1.3612058405975784E-014
   6.2000000000000002       0.21064905369934636        6.8233858732957869E-002
   6.2999999999999998       0.18846199821590373        8.7034307959507992E-002
   6.4000000000000004       0.13498960678356761       0.10371682748062654     
   6.5000000000000000       0.33102706362918677        4.5570364228462749E-016
   6.5999999999999996       0.18015944178951179       0.22751666847898766     
   6.7000000000000002       0.18570269284727708       0.27612174841016346     
   6.7999999999999998       0.22083801444938961       0.24990360303248446     
   6.9000000000000004       0.23052607415817966       0.23348093216771862     
   7.0000000000000000       0.19305021046025828       0.26163890046097299     
   7.0999999999999996       0.19191894909317084       0.26874024451053302     
   7.2000000000000002       0.22153171916424685       0.24815932031284776     
   7.2999999999999998       0.20003070006028084       0.26351925905121565     
   7.4000000000000004       0.34855247021128566        2.2884242528333053E-014
   7.5000000000000000       0.17147459566900750       0.30037954566643882     
   7.5999999999999996       0.16211414271878788       0.31716745679690217     
   7.7000000000000002       0.44472251404540786        5.6071561028383848E-003
   7.7999999999999998       0.48037495870743668        1.2176693958097951E-003
   7.9000000000000004       0.17639736842449488       0.21745993358704085     
   8.0000000000000000       0.34594329989861772        2.8134012040892719E-013
   8.0999999999999996       0.19278307434970701       0.28129045897906291     
   8.1999999999999993       0.20457061359844936       0.31289887316428738     
   8.3000000000000007       0.39327680864769382        2.2208645657215663E-009
   8.4000000000000004       0.41329592202710497        8.3953058311634930E-006
   8.5000000000000000       0.34271852038313860        4.2287275195391407E-013
   8.5999999999999996       0.34187497660563487        3.0941826548480502E-013
   8.6999999999999993       0.34127551774555248        2.3575861023604746E-013
   8.8000000000000007       0.34903139546647016        4.8042618579018917E-004
   8.9000000000000004       0.34018053196638920        2.6311588252893210E-014
   9.0000000000000000       0.33553711052946211        2.1788742863616139E-010
   9.0999999999999996       0.33927434580822552        2.9924849701681357E-013
   9.1999999999999993       0.33832914240831063        1.3569973103754121E-012
   9.3000000000000007       0.33821530053222193        7.2400080028486573E-014
   9.4000000000000004       0.11394447284639518        5.4657801672011678E-003
   9.5000000000000000       0.33699085265831152        6.6640970507999545E-013
   9.5999999999999996       0.17208131861206602       0.36833262534680189     
   9.6999999999999993       0.16265120784748002       0.35976852652592639     
   9.8000000000000007       0.15963194831801705       0.34531625101596530     
   9.9000000000000004       0.15586459142060499       0.34449406093257606     
   10.000000000000000       0.15041459864397400       0.34635830539919038     
