  0.10000000000000001       0.31301530150722701        1.1734986035766456E-017
  0.20000000000000001       0.31483755405015851        5.7562739164001061E-018
  0.29999999999999999       0.31679683217541721        3.4942192783666921E-018
  0.40000000000000002       0.31888504558177244        1.1068456335979980E-018
  0.50000000000000000       0.32107845266887308        3.1483301834192718E-019
  0.59999999999999998       0.32334386333588283        1.3243070138963278E-019
  0.69999999999999996       0.32563445498508981        1.0406052039149455E-021
  0.80000000000000004       0.32788392260355587        1.3429828221918934E-019
  0.90000000000000002       0.33000436357093882        2.5045876800492895E-020
   1.0000000000000000       0.33187465925619658        2.2273591460844272E-020
   1.1000000000000001       0.33333214673157452        3.3732106967921243E-021
   1.2000000000000000       0.33415249111382089        1.1784505273045678E-020
   1.3000000000000000       0.33401054340772035        7.9393952676974868E-021
   1.3999999999999999       0.33236234727942066        1.9979180328851492E-021
   1.5000000000000000       0.32796659032784031        5.3802412803195769E-021
   1.6000000000000001       0.31725630354402257        1.6004212718911659E-022
   1.7000000000000000       0.29763374660643716        6.3929215285340976E-025
   1.8000000000000000       0.27354010255148004        1.7784069902920714E-023
   1.8999999999999999       0.24772223400089288        2.9516770441433056E-023
   2.0000000000000000       0.22115479499159518        2.6396301125109498E-023
   2.1000000000000001       0.19441778312293601        5.8763574314467214E-024
   2.2000000000000002       0.16798677059857750        5.5437907636375309E-025
   2.2999999999999998       0.14228592777040383        1.6693040562335794E-022
   2.3999999999999999       0.11769959973834129        2.8984042485785226E-025
   2.5000000000000000        9.4574037703304817E-002   5.6599333209905403E-023
   2.6000000000000001        7.3200865415212354E-002   2.3460800989564137E-023
   2.7000000000000002        6.3693770539567734E-002   1.1874639177959944E-022
   2.7999999999999998        5.5574555021656986E-002   5.2366595500181736E-022
   2.8999999999999999        4.7871185548188734E-002   8.4029567261631898E-022
   3.0000000000000000        5.0389812790570053E-002   8.1293187109878796E-022
   3.1000000000000001        5.4705203032947361E-002   3.9213892483468501E-022
   3.2000000000000002        5.6712715062687886E-002   4.3113167591685014E-021
   3.2999999999999998        5.6964893766363864E-002   5.7504445398775586E-020
   3.3999999999999999        5.5933400353175247E-002   9.2958046123666321E-020
   3.5000000000000000        5.3999320121067999E-002   1.0522118086272739E-019
   3.6000000000000001        5.1459900779116496E-002   1.6137571197969325E-018
   3.7000000000000002        5.5513191047946976E-002   4.4478048172386262E-018
   3.7999999999999998        6.1433223099676311E-002   8.6669539678511905E-018
   3.8999999999999999        6.6852751802737864E-002   1.3529045508836464E-016
   4.0000000000000000        7.1774945503792167E-002   2.5809047359852843E-016
   4.0999999999999996        7.6335351615411898E-002   2.2105641368939248E-017
   4.2000000000000002        8.0577522012062641E-002   1.1385274347352025E-015
   4.2999999999999998        8.4176345070464453E-002   8.7766550723132236E-015
   4.4000000000000004        8.8119560656292728E-002   9.4291629037081257E-015
   4.5000000000000000        9.1091072570933296E-002   6.8765295068439965E-016
   4.5999999999999996        9.4445632246846975E-002   8.9554708658715014E-015
   4.7000000000000002        9.4704677023435407E-002   4.3311757589651655E-013
   4.7999999999999998        9.9448163853280480E-002   1.9065710974810848E-016
   4.9000000000000004       0.10158171982290420        4.3421731820020962E-015
   5.0000000000000000       0.29444009346557659       0.37480032415247228     
   5.0999999999999996       0.25676608809231211       0.47538662512897167     
   5.2000000000000002       0.27742717619497426       0.43827160143304539     
   5.2999999999999998       0.29309049267018217       0.40593011098237153     
   5.4000000000000004       0.31936621054301889       0.36011598383169707     
   5.5000000000000000       0.10737532519163666        3.6761001742769898E-013
   5.5999999999999996       0.11143833056390363        7.3822831805902456E-014
   5.7000000000000002       0.14148562255559738        5.0336106330718705E-011
   5.7999999999999998       0.14318743904432518        4.1522502957799054E-011
   5.9000000000000004       0.15320911889062716        3.7751732668079831E-011
   6.0000000000000000       0.14625946173994525        2.8342673384329617E-011
   6.0999999999999996       0.14511243989811909        2.2784034881061571E-011
   6.2000000000000002       0.14164451048884905        1.7862590017482652E-011
   6.2999999999999998       0.13297756469453456        1.3133868819317675E-011
   6.4000000000000004       0.11985043392772382        9.0178441471597956E-012
   6.5000000000000000       0.11979487617238259        7.4108554072861230E-012
   6.5999999999999996       0.13460215946026677        7.4757612695356525E-012
   6.7000000000000002       0.13962777771038007        6.5864181299377184E-012
   6.7999999999999998       0.13284742227528046        5.0062888434265417E-012
   6.9000000000000004       0.13285276102416455        4.1574449312167350E-012
   7.0000000000000000       0.13093483055293148        3.3748418559459104E-012
   7.0999999999999996       0.13502052670753173        2.9753376347118488E-012
   7.2000000000000002       0.12711647404693047        2.5537525445163289E-011
   7.2999999999999998       0.12598175633196670        1.8383810741549566E-012
   7.4000000000000004       0.14599261429348051        2.0344989621171378E-012
   7.5000000000000000       0.11927098793426549        4.8444142599849062E-011
   7.5999999999999996       0.15581408628192106        1.7002112936249629E-012
   7.7000000000000002       0.11864528147529896        8.2213096949382551E-013
   7.7999999999999998       0.13337846019893240        8.9168814711554583E-013
   7.9000000000000004       0.11524444127316569        5.5792770732571407E-013
   8.0000000000000000       0.11609508570186058        4.8992755487977422E-013
   8.0999999999999996       0.11402637248719795        3.9116878084981992E-013
   8.1999999999999993       0.11219324128808532        3.4207871328997501E-013
   8.3000000000000007       0.10613101457633208        3.0750467904597537E-013
   8.4000000000000004       0.10518752424735667        2.3055174915434390E-013
   8.5000000000000000       0.11704153602582623        3.4251999932994837E-007
   8.5999999999999996       0.13352419104640958        4.6358172060336692E-006
   8.6999999999999993       0.11738103854439490        3.5889522163877685E-015
   8.8000000000000007       0.13464398745053296        5.0927057027087913E-007
   8.9000000000000004       0.13762059765675258        4.4413388501132896E-007
   9.0000000000000000       0.11081124075653591        6.1345408905186803E-015
   9.0999999999999996       0.12584673799965695        1.6568318973872700E-016
   9.1999999999999993       0.15590018520088725        3.7871140697718517E-007
   9.3000000000000007       0.12103193408731630        5.7939681753767510E-016
   9.4000000000000004       0.10441903337765227        7.6996311714911189E-015
   9.5000000000000000       0.12151454843610406        7.7992165232652957E-017
   9.5999999999999996       0.10589539196085024        5.6116152178893462E-015
   9.6999999999999993       0.12337013086474675        1.4236841317684350E-015
   9.8000000000000007       0.12051727484662965        3.5773595417317291E-015
   9.9000000000000004       0.12664144343008693        1.1066950500908875E-015
   10.000000000000000       0.13611737669005894        5.3410067506963048E-015
