  0.10000000000000001        2.8127618842261688E-002   7.9145368440861372E-009
  0.20000000000000001        4.3217350014136624E-002   9.7703571951070932E-009
  0.29999999999999999        6.0620979972963139E-002   1.2213357951958323E-008
  0.40000000000000002        8.0667832023326419E-002   1.5354130420345127E-008
  0.50000000000000000       0.10358426881574645        1.9214100382412279E-008
  0.59999999999999998       0.12873389880115416        2.3651208763063452E-008
  0.69999999999999996       0.14764239492587106        2.8306273117829526E-008
  0.80000000000000004       0.16087904437937553        3.2635711580187518E-008
  0.90000000000000002       0.17231723384328906        3.6041631802566991E-008
   1.0000000000000000       0.18215725998163390        3.8046337918132602E-008
   1.1000000000000001       0.19021380837973950        3.8428403410950440E-008
   1.2000000000000000       0.19608347918249691        3.7255026803939312E-008
   1.3000000000000000       0.19962701174123071        3.4820882729372176E-008
   1.3999999999999999       0.20124996399106065        3.1534055270788026E-008
   1.5000000000000000       0.20160485908021877        2.7809244891993998E-008
   1.6000000000000001       0.69486940459820479        2.8871508001498927E-002
   1.7000000000000000       0.50437364424306441        3.3310349821884230E-002
   1.8000000000000000       0.19954371008208546        1.7017715344868415E-008
   1.8999999999999999       0.19858511891956890        1.4085556649781990E-008
   2.0000000000000000       0.27387223484998974        3.3404945106141407E-002
   2.1000000000000001       0.19680566716907805        9.4501862246843268E-009
   2.2000000000000002       0.19719292970820940        7.6914458705998908E-009
   2.2999999999999998       0.20139408818295404        6.2464789381298885E-009
   2.3999999999999999       0.20559413901993304        5.0678609621018507E-009
   2.5000000000000000       0.20978927578949202        4.1111783477178833E-009
   2.6000000000000001       0.21397400573353906        3.3370042638240823E-009
   2.7000000000000002       0.21814487511262257        2.7114911525811014E-009
   2.7999999999999998       0.22229576338437723        2.2064587407866939E-009
   2.8999999999999999       0.22641998797487040        1.7984024084960184E-009
   3.0000000000000000       0.23051568522779053        1.4685231773976059E-009
   3.1000000000000001       0.23457718403520436        1.2014331438367918E-009
   3.2000000000000002       0.23860071599934590        9.8481162403423555E-010
   3.2999999999999998       0.24258373317564991        8.0877123892791378E-010
   3.3999999999999999       0.24652181193667574        6.6541380425117528E-010
   3.5000000000000000       0.25041185391259402        5.4841600998747862E-010
   3.6000000000000001       0.25425201339447201        4.5272676242502187E-010
   3.7000000000000002       0.25803938973559060        3.7429502007872132E-010
   3.7999999999999998       0.26177109478905292        3.0987393691878139E-010
   3.8999999999999999       0.26544453908199145        2.5685638633392707E-010
   4.0000000000000000       0.26905837733950061        2.1312924221052207E-010
   4.0999999999999996       0.27261029007947268        1.7700100998295027E-010
   4.2000000000000002       0.27609618154310395        1.4710600469622261E-010
   4.2999999999999998       0.21157642226735732        9.7966781712376536E-002
   4.4000000000000004       0.28285996618046466        1.0176149617960296E-010
   4.5000000000000000       0.28613159133658728        8.4659171667023829E-011
   4.5999999999999996       0.28932510136647688        7.0434876056653800E-011
   4.7000000000000002       0.29243730363394271        5.8589801178006860E-011
   4.7999999999999998       0.29546362369565238        4.8720586427998904E-011
   4.9000000000000004       0.29839540990685032        4.0474564198436553E-011
   5.0000000000000000       0.30122920695154676        3.3595128408336033E-011
   5.0999999999999996       0.30395762979088509        2.7859954546173908E-011
   5.2000000000000002       0.30656965624801913        2.3060640181547918E-011
   5.2999999999999998       0.30905560590251085        1.9058589683478557E-011
   5.4000000000000004       0.31140139744495393        1.5716383004025062E-011
   5.5000000000000000       0.31359395615461161        1.2928178490987233E-011
   5.5999999999999996       0.31561093391659523        1.0604225313381418E-011
   5.7000000000000002       0.31742934832899683        8.6694792214970370E-012
   5.7999999999999998       0.31902164962867263        7.0592741468087441E-012
   5.9000000000000004       0.32034859430397977        5.7227993750995931E-012
   6.0000000000000000       0.32136930119147372        4.6175567091955941E-012
   6.0999999999999996       0.32202512074415512        3.6995094340382014E-012
   6.2000000000000002       0.32224043894058629        2.9443088509077271E-012
   6.2999999999999998       0.32238075343672862        2.3224901226970648E-012
   6.4000000000000004       0.32685856389315471        1.8154528768843030E-012
   6.5000000000000000       0.33106109965112807        1.4023310511323056E-012
   6.5999999999999996       0.33483209713493867        1.0690339325816580E-012
   6.7000000000000002       0.33815437242093432        8.0028064800114417E-013
   6.7999999999999998       0.34106120280497759        5.8711218924220581E-013
   6.9000000000000004       0.34352232657353132        4.1971942547251928E-013
   7.0000000000000000       0.34548685141069768        2.9019337916715390E-013
   7.0999999999999996       0.34693249205620819        1.9097294273156989E-013
   7.2000000000000002       0.34787974583001657        1.1792696523589472E-013
   7.2999999999999998       0.34839293125101906        6.6038675911802928E-014
   7.4000000000000004       0.34855295537824516        3.1434469181013773E-014
   7.5000000000000000       0.34844268790470584        1.0848138846512329E-014
   7.5999999999999996       0.34813440356602843        1.3518502278188221E-015
   7.7000000000000002       0.34768736731241612        7.0903202460005742E-016
   7.7999999999999998       0.34714738426261293        7.1406743181145484E-015
   7.9000000000000004       0.34654671625962236        1.9048985809306894E-014
   8.0000000000000000       0.34591197618089259        3.4708387944773865E-014
   8.0999999999999996       0.34525942519864822        5.3480299897364216E-014
   8.1999999999999993       0.34460156276706216        7.4320777895701788E-014
   8.3000000000000007       0.34394624401244789        9.7297475233192300E-014
   8.4000000000000004       0.34330265512022828        1.1943048616735554E-013
   8.5000000000000000       0.34267193079074060        1.4336899170350975E-013
   8.5999999999999996       0.34205594517998461        1.6550091323590165E-013
   8.6999999999999993       0.34145890978205845        1.8804066311365563E-013
   8.8000000000000007       0.34088229712865775        2.1011944571664001E-013
   8.9000000000000004       0.34032303988180229        2.3080028561284448E-013
   9.0000000000000000       0.33978584632465986        2.5135282384721502E-013
   9.0999999999999996       0.33926665954546154        2.6941519768166824E-013
   9.1999999999999993       0.33876632078594709        2.8771120745215095E-013
   9.3000000000000007       0.33828886631288008        3.0340598094489947E-013
   9.4000000000000004       0.33782681206073900        3.1874819074913288E-013
   9.5000000000000000       0.33738496802041318        3.3231544713365902E-013
   9.5999999999999996       0.33696051307902863        3.4472056291807345E-013
   9.6999999999999993       0.33655320424820423        3.5606315643339525E-013
   9.8000000000000007       0.33616189636127880        3.6713988406878558E-013
   9.9000000000000004       0.33578947789134472        3.7524458487659886E-013
   10.000000000000000       0.33542972753931694        3.8484373698074327E-013
