  0.10000000000000001       0.41207156304034470     
  0.20000000000000001       0.21653052611874238     
  0.29999999999999999       0.20270877920003566     
  0.40000000000000002       0.20061402093248076     
  0.50000000000000000       0.20360352722066286     
  0.59999999999999998       0.20927089588555592     
  0.69999999999999996       0.21654576637845863     
  0.80000000000000004       0.22469926153003983     
  0.90000000000000002       0.23316168034244175     
   1.0000000000000000       0.24150511931753604     
   1.1000000000000001       0.24941859333717215     
   1.2000000000000000       0.25671970967075880     
   1.3000000000000000       0.26333464316233945     
   1.3999999999999999       0.26927267183719378     
   1.5000000000000000       0.27459291399552826     
   1.6000000000000001       0.27937844612067053     
   1.7000000000000000       0.28371786258956949     
   1.8000000000000000       0.28768822513527709     
   1.8999999999999999       0.29422134092844326     
   2.0000000000000000       0.32324716350050819     
   2.1000000000000001       0.32832003984929659     
