  0.96249333247908264       -2.0537712623901963E-017 -0.99887715996116977     
 -0.50000000000000000        1.0000000000000000       0.50000000000000000     
   0.0000000000000000        0.0000000000000000        0.0000000000000000     
  -1.0000000000000000        1.0000000000000000       -1.0000000000000000     
  0.10000000000000001        4.0349596348817317E-002
  0.20000000000000001        5.3370657111175251E-002
  0.29999999999999999        7.0144103448532849E-002
  0.40000000000000002        9.6140393608990030E-002
  0.50000000000000000       0.11186448692373911     
  0.59999999999999998       0.12576285572805651     
  0.69999999999999996       0.14779451614446298     
  0.80000000000000004       0.16733327925229255     
  0.90000000000000002       0.18438672222217325     
   1.0000000000000000       0.19483835939252794     
   1.1000000000000001       0.19498106868665527     
   1.2000000000000000       0.19729821539830070     
   1.3000000000000000       0.19492324043351736     
   1.3999999999999999       0.20591048483216481     
   1.5000000000000000       0.23267782693583883     
   1.6000000000000001       0.26144783254481119     
   1.7000000000000000       0.29567151549141907     
   1.8000000000000000       0.32204571381450520     
   1.8999999999999999       0.32893170459537263     
   2.0000000000000000       0.33120735022354564     
   2.1000000000000001       0.33219985203056468     
   2.2000000000000002       0.33042621132875299     
   2.2999999999999998       0.32273066718686760     
   2.3999999999999999       0.31295014938540339     
   2.5000000000000000       0.30477532270068691     
   2.6000000000000001       0.28085975946817660     
   2.7000000000000002       0.25636553481483643     
   2.7999999999999998       0.22452302946214273     
   2.8999999999999999       0.17185927325636638     
   3.0000000000000000       0.11460553860207796     
   3.1000000000000001        6.5682931371123868E-002
   3.2000000000000002        2.2379222853227788E-002
   3.2999999999999998        9.4544852593601236E-002
   3.3999999999999999       0.14860630038164402     
   3.5000000000000000       0.24532024858699891     
   3.6000000000000001       0.21594632248174189     
   3.7000000000000002       0.64099830640240096     
   3.7999999999999998       0.41530652390448430     
   3.8999999999999999       0.67411948113574727     
   4.0000000000000000       0.73227982593464680     
   4.0999999999999996       0.50707781174254563     
   4.2000000000000002       0.63246039818474131     
   4.2999999999999998       0.67406363345656917     
   4.4000000000000004       0.77031017965128001     
   4.5000000000000000       0.74143366529220511     
   4.5999999999999996       0.69020306883339588     
   4.7000000000000002       0.75944755376802198     
   4.7999999999999998       0.61760355823228630     
   4.9000000000000004       0.56757205186511184     
   5.0000000000000000       0.40373883503372304     
   5.0999999999999996       0.70535318242779865     
   5.2000000000000002       0.49933186989622652     
   5.2999999999999998       0.53541922427602995     
   5.4000000000000004       0.66638399121582659     
   5.5000000000000000       0.54161554285085278     
   5.5999999999999996       0.55295411030520658     
   5.7000000000000002       0.56722441239510513     
   5.7999999999999998       0.57046757010623894     
   5.9000000000000004       0.47986109972819224     
   6.0000000000000000       0.55845617305152284     
   6.0999999999999996       0.51157267186021194     
   6.2000000000000002       0.66184411693493139     
   6.2999999999999998       0.53084054996992780     
   6.4000000000000004       0.42482571909436573     
   6.5000000000000000       0.53587699516132270     
   6.5999999999999996       0.44743251127851763     
   6.7000000000000002       0.45909408854758449     
   6.7999999999999998       0.48622523192265293     
   6.9000000000000004       0.47146868870830266     
   7.0000000000000000       0.63001998921271829     
   7.0999999999999996       0.62855354441091249     
   7.2000000000000002       0.46795927046788272     
   7.2999999999999998       0.56822735502131894     
   7.4000000000000004       0.58182272523445100     
   7.5000000000000000       0.70349198310206473     
   7.5999999999999996       0.69144599358920833     
   7.7000000000000002       0.42996978578007450     
   7.7999999999999998       0.40109208852342265     
   7.9000000000000004       0.75383233123219517     
   8.0000000000000000       0.37758396201249017     
   8.0999999999999996       0.42501171647329028     
   8.1999999999999993       0.42547492548446036     
   8.3000000000000007       0.44103177443400648     
   8.4000000000000004       0.39455201208533502     
   8.5000000000000000       0.32868960233250294     
   8.5999999999999996       0.47929795507473483     
   8.6999999999999993       0.35311920921379952     
   8.8000000000000007       0.38524799489986317     
   8.9000000000000004       0.61219581081859598     
   9.0000000000000000       0.39092332043618172     
   9.0999999999999996       0.67285353596827513     
   9.1999999999999993       0.53693239449670549     
   9.3000000000000007       0.24108706605080468     
   9.4000000000000004       0.35594405267600410     
   9.5000000000000000       0.34524481670467178     
   9.5999999999999996       0.56460376480608954     
   9.6999999999999993       0.47215227793357301     
   9.8000000000000007       0.44890228580925234     
   9.9000000000000004       0.53069313048603617     
   10.000000000000000       0.47728331138104058     
