 Uxc torque 1xc torque 2
  0.10000000000000001        1.3882153208059378E-007  -1.3878555827087221E-007
  0.20000000000000001        1.2252999443815948E-008  -1.2251096433666813E-008
  0.29999999999999999        4.1772136865122615E-008  -4.1780653534919286E-008
  0.40000000000000002        3.7248264299890501E-008  -3.7247725885182939E-008
  0.50000000000000000        4.3401321087097485E-008  -4.3413332220759609E-008
  0.59999999999999998        1.3243687148069527E-007  -1.3244229965574243E-007
  0.69999999999999996        1.9610911582661031E-007  -1.9612573929139119E-007
  0.80000000000000004        3.3329569488420488E-007  -3.3329684219112539E-007
  0.90000000000000002        4.8050000623834037E-007  -4.8049996271729923E-007
   1.0000000000000000        6.6122260288469156E-007  -6.6122334069899539E-007
   1.1000000000000001        9.1885086974134026E-007  -9.1885138281289650E-007
   1.2000000000000000        1.2246348386606942E-006  -1.2246370140129095E-006
   1.3000000000000000        1.6301728583599681E-006  -1.6301759848044570E-006
   1.3999999999999999        2.1517328080609390E-006  -2.1517331932687327E-006
   1.5000000000000000        2.8121357890949980E-006  -2.8121368597176501E-006
   1.6000000000000001        3.6622324826470058E-006  -3.6622327940200294E-006
   1.7000000000000000        4.7418467695535316E-006  -4.7418488120947903E-006
   1.8000000000000000        6.1247100087100185E-006  -6.1247093805052489E-006
   1.8999999999999999        7.8855989249678125E-006  -7.8855990780889043E-006
   2.0000000000000000        1.0136952419285180E-005  -1.0136952084932593E-005
   2.1000000000000001        1.3016935222699734E-005  -1.3016935215855548E-005
   2.2000000000000002        1.6710094416537415E-005  -1.6710094186428209E-005
   2.2999999999999998        2.1455691594830985E-005  -2.1455691537647381E-005
   2.3999999999999999        2.7570399898185348E-005  -2.7570399882895279E-005
   2.5000000000000000        3.5472959377374671E-005  -3.5472959206738711E-005
   2.6000000000000001        4.5719055786295472E-005  -4.5719055869690331E-005
   2.7000000000000002        5.9051287422738178E-005  -5.9051287270572741E-005
   2.7999999999999998        7.6463748706121816E-005  -7.6463748527572963E-005
   2.8999999999999999        9.9293392287035348E-005  -9.9293392280588519E-005
   3.0000000000000000        1.2934317323883406E-004  -1.2934317315055560E-004
   3.1000000000000001        1.6904899358963506E-004  -1.6904899362827231E-004
   3.2000000000000002        2.2170450913449620E-004  -2.2170450913178803E-004
   3.2999999999999998        2.9175685568248673E-004  -2.9175685566077206E-004
   3.3999999999999999        3.8518597508198620E-004  -3.8518597507295090E-004
   3.5000000000000000        5.0996743295032029E-004  -5.0996743295025123E-004
   3.6000000000000001        6.7659054717238739E-004  -6.7659054717235552E-004
   3.7000000000000002        8.9854286014113063E-004  -8.9854286014090165E-004
   3.7999999999999998        1.1925609957621846E-003  -1.1925609957607521E-003
   3.8999999999999999        1.5782738476376565E-003  -1.5782738476369206E-003
   4.0000000000000000        2.0766500789569089E-003  -2.0766500789570104E-003
   4.0999999999999996        2.7065290336857188E-003  -2.7065290336846376E-003
   4.2000000000000002        3.4787492214541065E-003  -3.4787492214544274E-003
   4.2999999999999998        4.3883948078149073E-003  -4.3883948078142360E-003
   4.4000000000000004        5.4075739712434821E-003  -5.4075739712422521E-003
   4.5000000000000000        6.4829908527519855E-003  -6.4829908527519742E-003
   4.5999999999999996        7.5422147670412250E-003  -7.5422147670393125E-003
   4.7000000000000002        8.5084980155965204E-003  -8.5084980155970547E-003
   4.7999999999999998        9.3183781862446347E-003  -9.3183781862444803E-003
   4.9000000000000004        9.9341129491195678E-003  -9.9341129491327118E-003
   5.0000000000000000        1.0346495328297430E-002  -1.0346495328308891E-002
   5.0999999999999996        1.0569377907109405E-002  -1.0569377907043431E-002
   5.2000000000000002        1.0630519714892400E-002  -1.0630519714892206E-002
   5.2999999999999998        1.0562962313891399E-002  -1.0562962313943491E-002
   5.4000000000000004        1.0398989285573002E-002  -1.0398989285545002E-002
   5.5000000000000000        1.0166858938215761E-002  -1.0166858937914913E-002
   5.5999999999999996        9.8896134333156006E-003  -9.8896134339825359E-003
   5.7000000000000002        9.5851289086260581E-003  -9.5851289086276714E-003
   5.7999999999999998        9.2667574829431009E-003  -9.2667574809749409E-003
   5.9000000000000004        8.9441605021246366E-003  -8.9441605021239878E-003
   6.0000000000000000        8.6241222063014912E-003  -8.6241222064423195E-003
   6.0999999999999996        8.3112507148753994E-003  -8.3112507150037152E-003
   6.2000000000000002        8.0085469917252246E-003  -8.0085469897610562E-003
   6.2999999999999998        7.7178443089714107E-003  -7.7178443090577531E-003
   6.4000000000000004        7.4401458384266593E-003  -7.4401458320335623E-003
   6.5000000000000000        7.1758654948219031E-003  -7.1758654930730303E-003
   6.5999999999999996        6.9250197398633157E-003  -6.9250197290411375E-003
   6.7000000000000002        6.6873410816872441E-003  -6.6873411072836397E-003
   6.7999999999999998        6.4624142177030818E-003  -6.4624142224037895E-003
   6.9000000000000004        6.2496825622869170E-003  -6.2496825533999711E-003
   7.0000000000000000        6.0485380630009621E-003  -6.0485380627515184E-003
   7.0999999999999996        5.8632979413699750E-003  -5.8633259212569344E-003
   7.2000000000000002        5.6889754299595816E-003  -5.6889453692013925E-003
   7.2999999999999998        5.5252073767439423E-003  -5.5251554702410166E-003
   7.4000000000000004        5.3669590548025845E-003  -5.3669096768739211E-003
   7.5000000000000000        5.2209401819619198E-003  -5.2208752366522670E-003
   7.5999999999999996        5.0779895876166600E-003  -5.0779124499449324E-003
   7.7000000000000002        4.9128938741500065E-003  -4.9128938485681894E-003
   7.7999999999999998        4.7830633536648957E-003  -4.7830630037364319E-003
   7.9000000000000004        4.6885697577189831E-003  -4.6884857339029029E-003
   8.0000000000000000        4.6058208509189560E-003  -4.6056984041212834E-003
   8.0999999999999996        4.5074371982987719E-003  -4.5072946031463612E-003
   8.1999999999999993        4.3693623023820048E-003  -4.3692942314128569E-003
   8.3000000000000007        4.3189665883765840E-003  -4.3191037290487566E-003
   8.4000000000000004        4.1799642357475556E-003  -4.1798387291912542E-003
   8.5000000000000000        4.1391650924783203E-003  -4.1390039897510889E-003
   8.5999999999999996        3.9428773159319490E-003  -3.9428774817876766E-003
   8.6999999999999993        3.9889873146516409E-003  -3.9891756573724457E-003
   8.8000000000000007        3.9142821440604101E-003  -3.9144176371903594E-003
   8.9000000000000004        3.8329257816458848E-003  -3.8327116144756257E-003
   9.0000000000000000        3.7394351809267173E-003  -3.7392971106432471E-003
   9.0999999999999996        3.7130974151128246E-003  -3.7128995183950408E-003
   9.1999999999999993        3.5716843000263157E-003  -3.5718008419032277E-003
   9.3000000000000007        3.5517200199876196E-003  -3.5515936002533666E-003
   9.4000000000000004        3.5064301273659733E-003  -3.5062856080677607E-003
   9.5000000000000000        3.3778150350724286E-003  -3.3777253474964741E-003
   9.5999999999999996        3.2368036804786720E-003  -3.2368036596294170E-003
   9.6999999999999993        3.2787761707626915E-003  -3.2786738855750119E-003
   9.8000000000000007        3.1258848457676697E-003  -3.1258848139870121E-003
   9.9000000000000004        3.2044142414451317E-003  -3.2042933828619891E-003
   10.000000000000000        3.2217527461338275E-003  -3.2215554135130997E-003
   9.0000000000000000        3.7394351809267173E-003  -3.7392971106432471E-003
   9.0000000000000000        3.7394351809267173E-003  -3.7392971106432471E-003
   9.0000000000000000        3.7394351809267173E-003  -3.7392971106432471E-003
   9.0000000000000000        3.6261305485365222E-003  -3.6261295953821104E-003
   9.0000000000000000        3.6261305485365222E-003  -3.6261295953821104E-003
   1.0000000000000000        6.6122260288469156E-007  -6.6122334069899539E-007
   1.0000000000000000        0.0000000000000000       -0.0000000000000000     
   1.0000000000000000        0.0000000000000000       -0.0000000000000000     
   1.0000000000000000        0.0000000000000000       -0.0000000000000000     
   1.0000000000000000        0.0000000000000000       -0.0000000000000000     
   1.0000000000000000        0.0000000000000000       -0.0000000000000000     
   1.0000000000000000        0.0000000000000000       -0.0000000000000000     
   1.0000000000000000        0.0000000000000000       -0.0000000000000000     
   1.0000000000000000        0.0000000000000000       -0.0000000000000000     
   1.0000000000000000        0.0000000000000000       -0.0000000000000000     
   1.0000000000000000        0.0000000000000000       -0.0000000000000000     
   1.0000000000000000       0.88981271907122439       -65.278833137883467     
   1.0000000000000000       0.88981271907122439       -65.278833137883467     
   1.0000000000000000       0.88981271907122439       -65.278833137883467     
   1.0000000000000000       0.90599760606629831       -66.358995875401064     
   1.0000000000000000       0.90599760606629831       -66.358995875401064     
   1.0000000000000000        1.1327366782213209E-004  -1.2672537026919603E-003
   1.0000000000000000        1.1327366782213209E-004  -1.2672537026919603E-003
   1.0000000000000000        4.3484225270215696E-009  -1.1479341014991513     
   1.0000000000000000        1.1327366782213209E-004  -1.2672537026919603E-003
   1.0000000000000000        1.1327366782213209E-004  -1.2672537026919603E-003
   1.0000000000000000        4.3484225270215696E-009  -1.1479341014991513     
   1.0000000000000000       0.12697181136320959      -0.32224063386834839     
   1.0000000000000000       0.12697181136320959      -0.32224063386834839     
   1.0000000000000000        4.3484225270215696E-009  -1.1479341014991513     
   1.0000000000000000       0.11490147477668844      -0.41488668136526963     
   1.0000000000000000        5.3375684998000418E-002 -0.33057012584273515     
   1.0000000000000000        2.0329522727666058E-016  -1.1934682669062662E-015
   1.0000000000000000        2.0329522727666058E-016  -1.1934682669062662E-015
   1.0000000000000000        2.0329522727666058E-016  -1.1934682669062662E-015
   1.0000000000000000        2.0329522727666058E-016  -1.1934682669062662E-015
   1.0000000000000000        2.0329522727666058E-016  -1.1934682669062662E-015
   1.0000000000000000        2.0329522727666058E-016  -1.1934682669062662E-015
   1.0000000000000000        2.0329522727666058E-016  -1.1934682669062662E-015
   1.0000000000000000        2.0329522727666058E-016  -1.1934682669062662E-015
   1.0000000000000000        2.0329522727666058E-016  -1.1934682669062662E-015
   1.0000000000000000        2.0329522727666058E-016  -1.1934682669062662E-015
   1.0000000000000000        2.0329522727666058E-016  -1.1934682669062662E-015
   1.0000000000000000        2.0329522727666058E-016  -1.1934682669062662E-015
   1.0000000000000000        2.0329522727666058E-016  -1.1934682669062662E-015
   1.0000000000000000        2.0329522727666058E-016  -1.1934682669062662E-015
   1.0000000000000000        2.0329522727666058E-016  -1.1934682669062662E-015
   1.0000000000000000        2.0329522727666058E-016  -1.1934682669062662E-015
   1.0000000000000000        2.0329522727666058E-016  -1.1934682669062662E-015
   1.0000000000000000        2.0329522727666058E-016  -1.1934682669062662E-015
   1.0000000000000000        2.0329522727666058E-016  -1.1934682669062662E-015
   1.0000000000000000        2.0329522727666058E-016  -1.1934682669062662E-015
   1.0000000000000000        2.0329522727666058E-016  -1.1934682669062662E-015
   1.0000000000000000        2.0329522727666058E-016  -1.1934682669062662E-015
   1.0000000000000000        2.0329522727666058E-016  -1.1934682669062662E-015
   1.0000000000000000        2.0329522727666058E-016  -1.1934682669062662E-015
   1.0000000000000000        2.0329522727666058E-016  -1.1934682669062662E-015
   1.0000000000000000        2.0329522727666058E-016  -1.1934682669062662E-015
   1.0000000000000000        2.0329522727666058E-016  -1.1934682669062662E-015
   1.0000000000000000        2.0329522727666058E-016  -1.1934682669062662E-015
