 Uxc torque 1xc torque 2
  0.10000000000000001        3.7119171696520920E-006  -3.7119136671914732E-006
  0.20000000000000001        3.3029991582469428E-006  -3.3029956140564233E-006
  0.29999999999999999        2.8863324252164995E-006  -2.8863294452107856E-006
  0.40000000000000002        2.4669666213678797E-006  -2.4669638158303595E-006
  0.50000000000000000        2.0521450102255820E-006  -2.0521433488130923E-006
  0.59999999999999998        1.6480020820720860E-006  -1.6480108342225643E-006
  0.69999999999999996        1.2646461589811207E-006  -1.2646441931344221E-006
  0.80000000000000004        9.1121060290692906E-007  -9.1120957607040418E-007
  0.90000000000000002        6.0051205749154129E-007  -6.0051552473133121E-007
   1.0000000000000000        3.4524049012969225E-007  -3.4523890344337143E-007
   1.1000000000000001        1.6469576871647308E-007  -1.6469657270571645E-007
   1.2000000000000000        7.8922501478111732E-008  -7.8922807159536577E-008
   1.3000000000000000        1.0579793882167105E-007  -1.0579760658668880E-007
   1.3999999999999999        2.5501938416643139E-007  -2.5501847730235233E-007
   1.5000000000000000        5.2768005801525053E-007  -5.2768038844951748E-007
   1.6000000000000001        9.2628299625328516E-007  -9.2627768233768246E-007
   1.7000000000000000        1.4609293336358025E-006  -1.4609223343623283E-006
   1.8000000000000000        3.9620105808652573E-007  -3.9620087004733527E-007
   1.8999999999999999        4.9242885448193051E-007  -4.9242860124371555E-007
   2.0000000000000000        7.1269915993166815E-007  -7.1269777629825677E-007
   2.1000000000000001        5.6327470443420699E-007  -5.6327472287166696E-007
   2.2000000000000002        9.9633274988002657E-007  -9.9633159677556787E-007
   2.2999999999999998        1.0952742431690163E-006  -1.0952754674327546E-006
   2.3999999999999999        1.6118670912287232E-006  -1.6118672051234111E-006
   2.5000000000000000        1.9901890413069584E-006  -1.9901892025816207E-006
   2.6000000000000001        2.5703660687788427E-006  -2.5703661221173959E-006
   2.7000000000000002        3.3021369820058977E-006  -3.3021368708741552E-006
   2.7999999999999998        4.2602328656762630E-006  -4.2602327681768882E-006
   2.8999999999999999        5.4685240111091014E-006  -5.4685240888617819E-006
   3.0000000000000000        7.0988050654522112E-006  -7.0988050736764039E-006
   3.1000000000000001        9.2141633755251363E-006  -9.2141633989940256E-006
   3.2000000000000002        1.2008038918845678E-005  -1.2008039048633302E-005
   3.2999999999999998        1.5717954758634842E-005  -1.5717954768955085E-005
   3.3999999999999999        2.0654665328357697E-005  -2.0654665274142926E-005
   3.5000000000000000        2.7254350600003341E-005  -2.7254350598624941E-005
   3.6000000000000001        3.6123828231711959E-005  -3.6123828223913273E-005
   3.7000000000000002        4.8089852017932003E-005  -4.8089852009219219E-005
   3.7999999999999998        6.4293577531277727E-005  -6.4293577530999250E-005
   3.8999999999999999        8.6305031316543225E-005  -8.6305031316783539E-005
   4.0000000000000000        1.1627519816980116E-004  -1.1627519816938769E-004
   4.0999999999999996        1.5713356259150566E-004  -1.5713356259149623E-004
   4.2000000000000002        2.1283382806304638E-004  -2.1283382806328434E-004
   4.2999999999999998        2.8864385336701409E-004  -2.8864385336800765E-004
   4.4000000000000004        3.9146385560661463E-004  -3.9146385560696060E-004
   4.5000000000000000        5.3013543683092467E-004  -5.3013543683091838E-004
   4.5999999999999996        7.1567821019767142E-004  -7.1567821019785649E-004
   4.7000000000000002        9.6136400507495254E-004  -9.6136400507498398E-004
   4.7999999999999998        1.2825224947655145E-003  -1.2825224947656949E-003
   4.9000000000000004        1.6959807222085245E-003  -1.6959807222085982E-003
   5.0000000000000000        2.2190847479163175E-003  -2.2190847479161592E-003
   5.0999999999999996        2.8683350908885611E-003  -2.8683350908885082E-003
   5.2000000000000002        3.6577711588859974E-003  -3.6577711588862034E-003
   5.2999999999999998        4.5973299279371549E-003  -4.5973299279371375E-003
   5.4000000000000004        5.6914450462658816E-003  -5.6914450462665356E-003
   5.5000000000000000        6.9381248799122424E-003  -6.9381248799123690E-003
   5.5999999999999996        8.3286592425214565E-003  -8.3286592425213038E-003
   5.7000000000000002        9.8479846969728793E-003  -9.8479846969728446E-003
   5.7999999999999998        1.1475624473514330E-002  -1.1475624473514218E-002
   5.9000000000000004        1.3187039318370406E-002  -1.3187039318370633E-002
   6.0000000000000000        1.4955191225601070E-002  -1.4955191225601086E-002
   6.0999999999999996        1.6752128900760343E-002  -1.6752128900760374E-002
   6.2000000000000002        1.8550439105980018E-002  -1.8550439105980226E-002
   6.2999999999999998        2.0324456993858372E-002  -2.0324456993858542E-002
   6.4000000000000004        2.2051178899177296E-002  -2.2051178899177321E-002
   6.5000000000000000        2.3710864745634413E-002  -2.3710864745635440E-002
   6.5999999999999996        2.5287350206550204E-002  -2.5287350206550485E-002
   6.7000000000000002        2.6768110102653370E-002  -2.6768110102653231E-002
   6.7999999999999998        2.8144125302870672E-002  -2.8144125302870970E-002
   6.9000000000000004        2.9409607741895091E-002  -2.9409607741895438E-002
   7.0000000000000000        3.0561634558863852E-002  -3.0561634558863571E-002
   7.0999999999999996        3.1599735140348348E-002  -3.1599735140348306E-002
   7.2000000000000002        3.2525465974054528E-002  -3.2525465974054868E-002
   7.2999999999999998        3.3341999140448719E-002  -3.3341999140448719E-002
   7.4000000000000004        3.4053741942971859E-002  -3.4053741942972726E-002
   7.5000000000000000        3.4665998129531521E-002  -3.4665998129531861E-002
   7.5999999999999996        3.5184675584647218E-002  -3.5184675584647385E-002
   7.7000000000000002        3.5616041250586900E-002  -3.5616041250585428E-002
   7.7999999999999998        3.5966521195870349E-002  -3.5966521195872125E-002
   7.9000000000000004        3.6242541981673849E-002  -3.6242541981670873E-002
   8.0000000000000000        3.6450408522111309E-002  -3.6450408522111455E-002
   8.0999999999999996        3.6596213300091565E-002  -3.6596213300095104E-002
   8.1999999999999993        3.6685771860867418E-002  -3.6685771860866634E-002
   8.3000000000000007        3.6724579841589229E-002  -3.6724579841591165E-002
   8.4000000000000004        3.6717787284556228E-002  -3.6717787284556991E-002
   8.5000000000000000        3.6670186509712530E-002  -3.6670186509711655E-002
   8.5999999999999996        3.6586210392649574E-002  -3.6586210392649199E-002
   8.6999999999999993        3.6469938410950836E-002  -3.6469938410959024E-002
   8.8000000000000007        3.6325108308228264E-002  -3.6325108308224774E-002
   8.9000000000000004        3.6155131637670417E-002  -3.6155131637667925E-002
   9.0000000000000000        3.5963111827270078E-002  -3.5963111827206129E-002
   9.0999999999999996        3.5751863681727850E-002  -3.5751863681741658E-002
   9.1999999999999993        3.5523933553531881E-002  -3.5523933553535447E-002
   9.3000000000000007        3.5281619509975742E-002  -3.5281619509970219E-002
   9.4000000000000004        3.5026991118243388E-002  -3.5026991118292217E-002
   9.5000000000000000        3.4761908517528237E-002  -3.4761908517532691E-002
   9.5999999999999996        3.4488040536053734E-002  -3.4488040536052922E-002
   9.6999999999999993        3.4206881788008306E-002  -3.4206881788076848E-002
   9.8000000000000007        3.3919768635758386E-002  -3.3919768635777059E-002
   9.9000000000000004        3.3627893976172919E-002  -3.3627893976175383E-002
   10.000000000000000        3.3332320931547837E-002  -3.3332320931530823E-002
