#
#      U            xctorque1     xctorque2
#
   0.0000000000   0.0000000000   0.0000000000
   0.5000000000   0.0000000058  -0.0000000058
   1.0000000000   0.0000000399  -0.0000000399
   1.5000000000   0.0000001656  -0.0000001656
   2.0000000000   0.0000005862  -0.0000005862
   2.5000000000   0.0000020047  -0.0000020047
   3.0000000000   0.0000070948  -0.0000070948
   3.5000000000   0.0000272544  -0.0000272543
   4.0000000000   0.0001162751  -0.0001162752
   4.5000000000   0.0005301355  -0.0005301354
   5.0000000000   0.0022190844  -0.0022190848
   5.5000000000   0.0069381249  -0.0069381250
   6.0000000000   0.0149551913  -0.0149551918
   6.5000000000   0.0237108645  -0.0237108638
   7.0000000000   0.0305616360  -0.0305616356
   7.5000000000   0.0346659962  -0.0346659976
   8.0000000000   0.0364504104  -0.0364504097
   8.5000000000   0.0366701849  -0.0366701864
   9.0000000000   0.0359631109  -0.0359631125
   9.5000000000   0.0347619081  -0.0347619083
  10.0000000000   0.0333323200  -0.0333323195
