#
#      U            xctorque1      xctorque2
#
   0.0000000000   0.0000000000   0.0000000000
   0.5000000000   0.0000000958  -0.0000000957
   1.0000000000   0.0000006698  -0.0000006698
   1.5000000000   0.0000028150  -0.0000028151
   2.0000000000   0.0000101363  -0.0000101365
   2.5000000000   0.0000354731  -0.0000354729
   3.0000000000   0.0001293431  -0.0001293432
   3.5000000000   0.0005099669  -0.0005099674
   4.0000000000   0.0020766493  -0.0020766501
   4.5000000000   0.0064829858  -0.0064829910
   5.0000000000   0.0103464977  -0.0103464954
   5.5000000000   0.0101668599  -0.0101668586
   6.0000000000   0.0086241182  -0.0086241225
   6.5000000000   0.0071758684  -0.0071758651
   7.0000000000   0.0060485376  -0.0060485382
   7.5000000000   0.0051946786  -0.0051946779
   8.0000000000   0.0045413107  -0.0045413119
   8.5000000000   0.0040314880  -0.0040314873
   9.0000000000   0.0036253264  -0.0036253279
   9.5000000000   0.0032954068  -0.0032954058
  10.0000000000   0.0030226969  -0.0030226956
