    0.000000E+00   -0.825488E-19   -0.160169E-15    0.441492E-15    0.617852E-19
    0.100000E+00    0.991976E-19   -0.867932E-17   -0.261526E-16    0.564834E-19
    0.200000E+00    0.157479E-18    0.200977E-16   -0.591693E-16    0.309030E-19
    0.300000E+00    0.122910E-17   -0.367537E-16    0.470524E-15    0.816747E-19
    0.400000E+00    0.125721E-17    0.683172E-17    0.587912E-15    0.106338E-18
    0.500000E+00   -0.494007E-18    0.270351E-15    0.108811E-14    0.301188E-18
    0.600000E+00   -0.204236E-18    0.324931E-15    0.129385E-14    0.459010E-18
    0.700000E+00    0.334548E-18    0.342822E-15    0.135204E-14    0.559714E-18
    0.800000E+00   -0.231038E-17    0.590224E-15    0.153807E-14    0.920012E-18
    0.900000E+00   -0.183622E-17    0.769886E-15    0.163003E-14    0.117507E-17
    0.100000E+01   -0.282257E-17    0.850149E-15    0.196472E-14    0.126792E-17
    0.110000E+01   -0.785785E-18    0.105029E-14    0.211936E-14    0.116374E-17
    0.120000E+01   -0.720811E-18    0.124568E-14    0.297877E-14    0.135387E-17
    0.130000E+01   -0.313637E-18    0.118614E-14    0.304306E-14    0.120682E-17
    0.140000E+01   -0.450698E-18    0.126157E-14    0.313416E-14    0.109779E-17
    0.150000E+01    0.105128E-17    0.123774E-14    0.315148E-14    0.113624E-17
    0.160000E+01    0.211041E-17    0.124471E-14    0.325626E-14    0.137460E-17
    0.170000E+01    0.183051E-17    0.129853E-14    0.329337E-14    0.144387E-17
    0.180000E+01    0.157133E-17    0.127946E-14    0.336175E-14    0.164452E-17
    0.190000E+01    0.169949E-17    0.128868E-14    0.344735E-14    0.181334E-17
    0.200000E+01    0.185047E-17    0.129484E-14    0.352882E-14    0.197320E-17
    0.210000E+01    0.192337E-17    0.129653E-14    0.360908E-14    0.213410E-17
    0.220000E+01    0.216938E-17    0.129217E-14    0.368787E-14    0.228738E-17
    0.230000E+01    0.251273E-17    0.128417E-14    0.376892E-14    0.245912E-17
    0.240000E+01    0.234237E-17    0.126706E-14    0.383792E-14    0.280914E-17
    0.250000E+01    0.287818E-17    0.124960E-14    0.390067E-14    0.290204E-17
    0.260000E+01    0.289187E-17    0.122621E-14    0.397155E-14    0.314848E-17
    0.270000E+01    0.257899E-17    0.122037E-14    0.404545E-14    0.332980E-17
    0.280000E+01    0.240408E-17    0.116431E-14    0.413765E-14    0.341223E-17
    0.290000E+01    0.244484E-17    0.112977E-14    0.421156E-14    0.385670E-17
    0.300000E+01    0.267050E-17    0.109226E-14    0.427827E-14    0.414740E-17
    0.310000E+01    0.244385E-17    0.105300E-14    0.433655E-14    0.438046E-17
    0.320000E+01    0.359282E-17    0.100937E-14    0.438891E-14    0.468368E-17
    0.330000E+01    0.387624E-17    0.964749E-15    0.444240E-14    0.500568E-17
    0.340000E+01    0.442469E-17    0.915481E-15    0.449584E-14    0.535374E-17
    0.350000E+01    0.559570E-17    0.866210E-15    0.454837E-14    0.561425E-17
    0.360000E+01    0.644497E-17    0.813525E-15    0.459870E-14    0.587665E-17
    0.370000E+01    0.645390E-17    0.759145E-15    0.464898E-14    0.619961E-17
    0.380000E+01    0.105618E-16    0.705187E-15    0.469523E-14    0.639791E-17
    0.390000E+01    0.100945E-16    0.651333E-15    0.474054E-14    0.659298E-17
    0.400000E+01    0.134138E-16    0.598140E-15    0.478168E-14    0.691754E-17
    0.410000E+01    0.139441E-16    0.546260E-15    0.482281E-14    0.716216E-17
    0.420000E+01    0.137778E-16    0.496582E-15    0.485968E-14    0.743313E-17
    0.430000E+01    0.125340E-16    0.449128E-15    0.489387E-14    0.747290E-17
    0.440000E+01    0.122461E-16    0.403902E-15    0.492487E-14    0.778073E-17
    0.450000E+01    0.113500E-16    0.361457E-15    0.495295E-14    0.804919E-17
    0.460000E+01    0.108223E-16    0.323022E-15    0.498004E-14    0.820759E-17
    0.470000E+01    0.103885E-16    0.287782E-15    0.500667E-14    0.839120E-17
    0.480000E+01    0.987590E-17    0.255399E-15    0.502871E-14    0.852047E-17
    0.490000E+01    0.939908E-17    0.225939E-15    0.505218E-14    0.866585E-17
    0.500000E+01    0.895513E-17    0.199328E-15    0.507351E-14    0.865047E-17
    0.510000E+01    0.844390E-17    0.175131E-15    0.509296E-14    0.816789E-17
    0.520000E+01    0.800168E-17    0.153722E-15    0.511288E-14    0.842451E-17
    0.530000E+01    0.753737E-17    0.134435E-15    0.513136E-14    0.826533E-17
    0.540000E+01    0.704350E-17    0.116788E-15    0.515010E-14    0.826237E-17
    0.550000E+01    0.535251E-17    0.101542E-15    0.516726E-14    0.829355E-17
    0.560000E+01    0.530180E-17    0.876650E-16    0.517879E-14    0.832949E-17
    0.570000E+01    0.536617E-17    0.750468E-16    0.519359E-14    0.869754E-17
    0.580000E+01    0.546174E-17    0.639709E-16    0.520843E-14    0.878900E-17
    0.590000E+01    0.495657E-17    0.544428E-16    0.521823E-14    0.876620E-17
    0.600000E+01    0.484383E-17    0.459266E-16    0.523023E-14    0.870790E-17
    0.610000E+01    0.516239E-17    0.385096E-16    0.524353E-14    0.860443E-17
    0.620000E+01    0.499086E-17    0.319838E-16    0.525644E-14    0.820171E-17
    0.630000E+01    0.414368E-17    0.258082E-16    0.526353E-14    0.764138E-17
    0.640000E+01    0.405099E-17    0.207437E-16    0.527291E-14    0.715772E-17
    0.650000E+01    0.385722E-17    0.161109E-16    0.527533E-14    0.694199E-17
    0.660000E+01    0.370914E-17    0.120557E-16    0.528489E-14    0.701583E-17
    0.670000E+01    0.875846E-16    0.821414E-17    0.528503E-14    0.674807E-17
    0.680000E+01    0.619727E-16    0.501269E-17    0.530234E-14    0.650008E-17
    0.690000E+01    0.516660E-16    0.229516E-17    0.531527E-14    0.647802E-17
    0.700000E+01    0.353635E-16   -0.374435E-18    0.533282E-14    0.647659E-17
    0.710000E+01    0.334651E-16   -0.287684E-17    0.534235E-14    0.672888E-17
    0.720000E+01    0.319118E-16   -0.522129E-17    0.536305E-14    0.658823E-17
    0.730000E+01    0.299584E-16   -0.711731E-17    0.537215E-14    0.608208E-17
    0.740000E+01    0.164317E-16   -0.848821E-17    0.535935E-14    0.592810E-17
    0.750000E+01   -0.799334E-17    0.268877E-17    0.126763E-15   -0.272686E-17
    0.760000E+01    0.175484E-16    0.286222E-18   -0.703649E-16    0.362561E-17
    0.770000E+01   -0.112365E-16   -0.179889E-17    0.125060E-15   -0.139852E-17
    0.780000E+01    0.143936E-17    0.212682E-17   -0.231265E-15    0.642346E-17
    0.790000E+01    0.134750E-17    0.290162E-17   -0.227966E-15    0.636314E-17
    0.800000E+01    0.102322E-17    0.267228E-17   -0.232650E-15    0.620748E-17
    0.810000E+01   -0.408644E-17   -0.289182E-18   -0.240507E-15   -0.103156E-16
    0.820000E+01   -0.405037E-17   -0.271605E-17   -0.241335E-15   -0.100152E-16
    0.830000E+01    0.733641E-17    0.246520E-17    0.683069E-17    0.576552E-16
    0.840000E+01    0.998629E-17   -0.155337E-16   -0.162095E-15    0.303576E-17
    0.850000E+01    0.955203E-17   -0.162173E-16   -0.174751E-15    0.362054E-17
    0.860000E+01   -0.555191E-18    0.909052E-17    0.493040E-16    0.644194E-17
    0.870000E+01   -0.560958E-18    0.479921E-17    0.556287E-16    0.860915E-17
    0.880000E+01    0.505450E-17   -0.301383E-17   -0.123221E-15   -0.107400E-16
    0.890000E+01   -0.185399E-17    0.252837E-16    0.265852E-15   -0.191723E-16
    0.900000E+01   -0.182949E-17    0.244437E-16    0.264680E-15   -0.183541E-16
    0.910000E+01    0.404666E-17    0.228537E-16    0.387352E-15    0.894994E-17
    0.920000E+01    0.383910E-17    0.229840E-16    0.387963E-15    0.894761E-17
    0.930000E+01    0.366355E-17    0.230089E-16    0.387840E-15    0.859240E-17
    0.940000E+01    0.639399E-18    0.302043E-17   -0.113579E-15    0.141537E-16
    0.950000E+01    0.180460E-17   -0.727568E-16   -0.458755E-16    0.741070E-17
    0.960000E+01    0.173538E-17   -0.725787E-16   -0.483976E-16    0.729135E-17
    0.970000E+01    0.168919E-17   -0.731205E-16   -0.947235E-16    0.725547E-17
    0.980000E+01    0.691598E-17   -0.123101E-16    0.217012E-14    0.158959E-18
    0.990000E+01    0.665808E-17   -0.122717E-16    0.217168E-14    0.177537E-18
    0.100000E+02    0.641755E-17   -0.121845E-16    0.217288E-14    0.177284E-18
