    0.000000E+00   -0.768097E+00   -0.474293E+00    0.231425E+00    0.501180E+00
    0.100000E+00   -0.767111E+00   -0.488819E+00    0.239971E+00    0.493583E+00
    0.200000E+00   -0.766348E+00   -0.504611E+00    0.249149E+00    0.486098E+00
    0.300000E+00   -0.766254E+00   -0.521311E+00    0.258399E+00    0.479296E+00
    0.400000E+00   -0.768196E+00   -0.537638E+00    0.266350E+00    0.474517E+00
    0.500000E+00   -0.771889E+00   -0.553956E+00    0.272932E+00    0.471841E+00
    0.600000E+00   -0.778310E+00   -0.569362E+00    0.276945E+00    0.472435E+00
    0.700000E+00   -0.788553E+00   -0.582835E+00    0.277330E+00    0.477291E+00
    0.800000E+00   -0.803379E+00   -0.593680E+00    0.273577E+00    0.486841E+00
    0.900000E+00   -0.823263E+00   -0.601481E+00    0.265594E+00    0.501065E+00
    0.100000E+01   -0.848083E+00   -0.606420E+00    0.253927E+00    0.519260E+00
    0.110000E+01   -0.877477E+00   -0.608912E+00    0.239018E+00    0.540775E+00
    0.120000E+01   -0.910568E+00   -0.609887E+00    0.221705E+00    0.564463E+00
    0.130000E+01   -0.946664E+00   -0.610090E+00    0.202440E+00    0.589393E+00
    0.140000E+01   -0.984670E+00   -0.610664E+00    0.182064E+00    0.613793E+00
    0.150000E+01   -0.102364E+01   -0.612610E+00    0.161199E+00    0.634422E+00
    0.160000E+01   -0.106234E+01   -0.617214E+00    0.140733E+00    0.638361E+00
    0.170000E+01   -0.109947E+01   -0.625835E+00    0.121571E+00    0.598725E+00
    0.180000E+01   -0.113371E+01   -0.639862E+00    0.104590E+00    0.539741E+00
    0.190000E+01   -0.116390E+01   -0.660530E+00    0.904461E-01    0.483198E+00
    0.200000E+01   -0.118931E+01   -0.688648E+00    0.793224E-01    0.434190E+00
    0.210000E+01   -0.120989E+01   -0.724375E+00    0.707568E-01    0.394366E+00
    0.220000E+01   -0.122636E+01   -0.767119E+00    0.636704E-01    0.364061E+00
    0.230000E+01   -0.124011E+01   -0.815621E+00    0.566749E-01    0.342714E+00
    0.240000E+01   -0.125309E+01   -0.868102E+00    0.484785E-01    0.329037E+00
    0.250000E+01   -0.126767E+01   -0.922353E+00    0.381949E-01    0.321215E+00
    0.260000E+01   -0.128665E+01   -0.975764E+00    0.254018E-01    0.317145E+00
    0.270000E+01   -0.131314E+01   -0.102544E+01    0.100022E-01    0.314639E+00
    0.280000E+01   -0.134988E+01   -0.106881E+01   -0.794813E-02    0.311395E+00
    0.290000E+01   -0.139814E+01   -0.110485E+01   -0.283592E-01    0.304458E+00
    0.300000E+01   -0.145711E+01   -0.113458E+01   -0.511592E-01    0.288761E+00
    0.310000E+01   -0.152477E+01   -0.116020E+01   -0.763113E-01    0.256256E+00
    0.320000E+01   -0.159915E+01   -0.118389E+01   -0.103817E+00    0.203436E+00
    0.330000E+01   -0.167875E+01   -0.120726E+01   -0.133718E+00    0.136835E+00
    0.340000E+01   -0.176263E+01   -0.123141E+01   -0.166116E+00    0.633543E-01
    0.350000E+01   -0.185015E+01   -0.125699E+01   -0.201208E+00   -0.132846E-01
    0.360000E+01   -0.194093E+01   -0.128442E+01   -0.239396E+00   -0.909817E-01
    0.370000E+01   -0.203466E+01   -0.131390E+01   -0.281561E+00   -0.167955E+00
    0.380000E+01   -0.213108E+01   -0.134555E+01   -0.329672E+00   -0.241685E+00
    0.390000E+01   -0.222996E+01   -0.137939E+01   -0.387031E+00   -0.308468E+00
    0.400000E+01   -0.233105E+01   -0.141536E+01   -0.454894E+00   -0.366706E+00
    0.410000E+01   -0.243406E+01   -0.145341E+01   -0.529711E+00   -0.419612E+00
    0.420000E+01   -0.253871E+01   -0.149343E+01   -0.607679E+00   -0.470632E+00
    0.430000E+01   -0.264469E+01   -0.153532E+01   -0.686798E+00   -0.521381E+00
    0.440000E+01   -0.275168E+01   -0.157898E+01   -0.766096E+00   -0.572418E+00
    0.450000E+01   -0.285938E+01   -0.162435E+01   -0.845030E+00   -0.623847E+00
    0.460000E+01   -0.296749E+01   -0.167136E+01   -0.923249E+00   -0.675567E+00
    0.470000E+01   -0.307572E+01   -0.172000E+01   -0.100050E+01   -0.727377E+00
    0.480000E+01   -0.318383E+01   -0.177029E+01   -0.107657E+01   -0.779024E+00
    0.490000E+01   -0.329158E+01   -0.182229E+01   -0.115133E+01   -0.830236E+00
    0.500000E+01   -0.339880E+01   -0.187610E+01   -0.122464E+01   -0.880733E+00
    0.510000E+01   -0.350532E+01   -0.193184E+01   -0.129642E+01   -0.930247E+00
    0.520000E+01   -0.361100E+01   -0.198964E+01   -0.136662E+01   -0.978530E+00
    0.530000E+01   -0.371576E+01   -0.204965E+01   -0.143518E+01   -0.102536E+01
    0.540000E+01   -0.381950E+01   -0.211202E+01   -0.150211E+01   -0.107057E+01
    0.550000E+01   -0.392218E+01   -0.217685E+01   -0.156742E+01   -0.111402E+01
    0.560000E+01   -0.402375E+01   -0.224426E+01   -0.163114E+01   -0.115562E+01
    0.570000E+01   -0.412420E+01   -0.231429E+01   -0.169332E+01   -0.119533E+01
    0.580000E+01   -0.422350E+01   -0.238697E+01   -0.175401E+01   -0.123316E+01
    0.590000E+01   -0.432166E+01   -0.246229E+01   -0.181329E+01   -0.126915E+01
    0.600000E+01   -0.441867E+01   -0.254018E+01   -0.187124E+01   -0.130337E+01
    0.610000E+01   -0.451454E+01   -0.262058E+01   -0.192795E+01   -0.133592E+01
    0.620000E+01   -0.460929E+01   -0.270338E+01   -0.198350E+01   -0.136693E+01
    0.630000E+01   -0.470292E+01   -0.278848E+01   -0.203799E+01   -0.139653E+01
    0.640000E+01   -0.479544E+01   -0.287574E+01   -0.209149E+01   -0.142485E+01
    0.650000E+01   -0.488688E+01   -0.296500E+01   -0.214410E+01   -0.145203E+01
    0.660000E+01   -0.497725E+01   -0.305614E+01   -0.219589E+01   -0.147820E+01
    0.670000E+01   -0.506657E+01   -0.314899E+01   -0.224694E+01   -0.150350E+01
    0.680000E+01   -0.515486E+01   -0.324330E+01   -0.229733E+01   -0.152802E+01
    0.690000E+01   -0.524212E+01   -0.333931E+01   -0.234712E+01   -0.155192E+01
    0.700000E+01   -0.532838E+01   -0.343658E+01   -0.239636E+01   -0.157528E+01
    0.710000E+01   -0.541367E+01   -0.353443E+01   -0.244514E+01   -0.159815E+01
    0.720000E+01   -0.549800E+01   -0.363356E+01   -0.249347E+01   -0.162067E+01
    0.730000E+01   -0.558138E+01   -0.373364E+01   -0.254143E+01   -0.164291E+01
    0.740000E+01   -0.566385E+01   -0.383409E+01   -0.258906E+01   -0.166492E+01
    0.750000E+01   -0.574541E+01   -0.393551E+01   -0.263638E+01   -0.168678E+01
    0.760000E+01   -0.582606E+01   -0.403876E+01   -0.268340E+01   -0.170858E+01
    0.770000E+01   -0.590588E+01   -0.414109E+01   -0.273025E+01   -0.173027E+01
    0.780000E+01   -0.598485E+01   -0.424399E+01   -0.277687E+01   -0.175196E+01
    0.790000E+01   -0.606302E+01   -0.434497E+01   -0.282337E+01   -0.177361E+01
    0.800000E+01   -0.614036E+01   -0.444827E+01   -0.286968E+01   -0.179538E+01
    0.810000E+01   -0.621697E+01   -0.454859E+01   -0.291594E+01   -0.181716E+01
    0.820000E+01   -0.629276E+01   -0.465317E+01   -0.296200E+01   -0.183914E+01
    0.830000E+01   -0.636788E+01   -0.475147E+01   -0.300811E+01   -0.186113E+01
    0.840000E+01   -0.644232E+01   -0.484422E+01   -0.305426E+01   -0.188318E+01
    0.850000E+01   -0.651599E+01   -0.494413E+01   -0.310021E+01   -0.190554E+01
    0.860000E+01   -0.658888E+01   -0.505474E+01   -0.314590E+01   -0.192827E+01
    0.870000E+01   -0.666107E+01   -0.517547E+01   -0.319114E+01   -0.195134E+01
    0.880000E+01   -0.673299E+01   -0.524370E+01   -0.323783E+01   -0.197380E+01
    0.890000E+01   -0.680415E+01   -0.533412E+01   -0.328367E+01   -0.199684E+01
    0.900000E+01   -0.687457E+01   -0.543502E+01   -0.332969E+01   -0.202026E+01
    0.910000E+01   -0.694424E+01   -0.556619E+01   -0.337431E+01   -0.204430E+01
    0.920000E+01   -0.701374E+01   -0.561323E+01   -0.342288E+01   -0.206749E+01
    0.930000E+01   -0.708290E+01   -0.566372E+01   -0.346916E+01   -0.209101E+01
    0.940000E+01   -0.715106E+01   -0.576945E+01   -0.351439E+01   -0.211547E+01
    0.950000E+01   -0.721855E+01   -0.587841E+01   -0.356157E+01   -0.214018E+01
    0.960000E+01   -0.728601E+01   -0.592447E+01   -0.360975E+01   -0.216444E+01
    0.970000E+01   -0.735311E+01   -0.598329E+01   -0.365477E+01   -0.218914E+01
    0.980000E+01   -0.741840E+01   -0.623122E+01   -0.369671E+01   -0.221598E+01
    0.990000E+01   -0.748435E+01   -0.627627E+01   -0.374472E+01   -0.224103E+01
    0.100000E+02   -0.755010E+01   -0.632151E+01   -0.379248E+01   -0.226635E+01
