    0.000000E+00   -0.593160E-19   -0.804080E-16    0.151987E-15    0.186038E-18
    0.100000E+00    0.717804E-19   -0.443707E-17   -0.901643E-17    0.134052E-18
    0.200000E+00    0.114931E-18    0.104700E-16   -0.204278E-16    0.612968E-19
    0.300000E+00    0.906104E-18   -0.195254E-16    0.162661E-15    0.140603E-18
    0.400000E+00    0.937635E-18    0.370374E-17    0.203495E-15    0.163109E-18
    0.500000E+00   -0.373291E-18    0.149683E-15    0.377065E-15    0.419686E-18
    0.600000E+00   -0.156597E-18    0.183866E-15    0.448841E-15    0.589708E-18
    0.700000E+00    0.260669E-18    0.198417E-15    0.469478E-15    0.670780E-18
    0.800000E+00   -0.183202E-17    0.349684E-15    0.534526E-15    0.103822E-17
    0.900000E+00   -0.148397E-17    0.467292E-15    0.566893E-15    0.125834E-17
    0.100000E+01   -0.232825E-17    0.529083E-15    0.683690E-15    0.129674E-17
    0.110000E+01   -0.662521E-18    0.670777E-15    0.737813E-15    0.114285E-17
    0.120000E+01   -0.622096E-18    0.817153E-15    0.103725E-14    0.128254E-17
    0.130000E+01   -0.277481E-18    0.799941E-15    0.105968E-14    0.110713E-17
    0.140000E+01   -0.409347E-18    0.875527E-15    0.109120E-14    0.978578E-18
    0.150000E+01    0.981659E-18    0.884809E-15    0.109673E-14    0.987009E-18
    0.160000E+01    0.202903E-17    0.917479E-15    0.113233E-14    0.116649E-17
    0.170000E+01    0.181480E-17    0.987983E-15    0.114396E-14    0.119952E-17
    0.180000E+01    0.160888E-17    0.100595E-14    0.116594E-14    0.133994E-17
    0.190000E+01    0.179991E-17    0.104822E-14    0.119325E-14    0.145131E-17
    0.200000E+01    0.203043E-17    0.109096E-14    0.121836E-14    0.155323E-17
    0.210000E+01    0.219006E-17    0.113295E-14    0.124213E-14    0.165393E-17
    0.220000E+01    0.256777E-17    0.117265E-14    0.126431E-14    0.174673E-17
    0.230000E+01    0.309711E-17    0.121199E-14    0.128599E-14    0.185145E-17
    0.240000E+01    0.301191E-17    0.124550E-14    0.130207E-14    0.208600E-17
    0.250000E+01    0.386812E-17    0.128131E-14    0.131436E-14    0.212584E-17
    0.260000E+01    0.407003E-17    0.131368E-14    0.132745E-14    0.227511E-17
    0.270000E+01    0.380873E-17    0.136834E-14    0.133930E-14    0.237298E-17
    0.280000E+01    0.373327E-17    0.136871E-14    0.135460E-14    0.239720E-17
    0.290000E+01    0.400063E-17    0.139498E-14    0.136096E-14    0.266932E-17
    0.300000E+01    0.461486E-17    0.141926E-14    0.136186E-14    0.282570E-17
    0.310000E+01    0.446986E-17    0.144265E-14    0.135674E-14    0.293496E-17
    0.320000E+01    0.697088E-17    0.146100E-14    0.134626E-14    0.308243E-17
    0.330000E+01    0.799614E-17    0.147829E-14    0.133248E-14    0.323158E-17
    0.340000E+01    0.972633E-17    0.148809E-14    0.131490E-14    0.338545E-17
    0.350000E+01    0.131366E-16    0.149670E-14    0.129325E-14    0.347189E-17
    0.360000E+01    0.161938E-16    0.149730E-14    0.126723E-14    0.354802E-17
    0.370000E+01    0.173922E-16    0.149134E-14    0.123761E-14    0.364787E-17
    0.380000E+01    0.305862E-16    0.148165E-14    0.120361E-14    0.366227E-17
    0.390000E+01    0.314723E-16    0.146654E-14    0.116642E-14    0.366474E-17
    0.400000E+01    0.450998E-16    0.144605E-14    0.112570E-14    0.372719E-17
    0.410000E+01    0.506340E-16    0.142067E-14    0.108296E-14    0.373403E-17
    0.420000E+01    0.541031E-16    0.139187E-14    0.103778E-14    0.374344E-17
    0.430000E+01    0.532843E-16    0.135918E-14    0.991108E-15    0.362953E-17
    0.440000E+01    0.564095E-16    0.132207E-14    0.943414E-15    0.363899E-17
    0.450000E+01    0.566876E-16    0.128195E-14    0.895309E-15    0.361987E-17
    0.460000E+01    0.586337E-16    0.124351E-14    0.847627E-15    0.354461E-17
    0.470000E+01    0.610690E-16    0.120465E-14    0.800838E-15    0.347590E-17
    0.480000E+01    0.629961E-16    0.116466E-14    0.754641E-15    0.338163E-17
    0.490000E+01    0.650486E-16    0.112458E-14    0.710253E-15    0.329210E-17
    0.500000E+01    0.672225E-16    0.108513E-14    0.667350E-15    0.314288E-17
    0.510000E+01    0.687206E-16    0.104509E-14    0.626149E-15    0.283593E-17
    0.520000E+01    0.705631E-16    0.100800E-14    0.587045E-15    0.279346E-17
    0.530000E+01    0.719730E-16    0.971288E-15    0.549861E-15    0.261594E-17
    0.540000E+01    0.727695E-16    0.932558E-15    0.514800E-15    0.249482E-17
    0.550000E+01    0.597791E-16    0.899248E-15    0.481660E-15    0.238820E-17
    0.560000E+01    0.639491E-16    0.864485E-15    0.450068E-15    0.228669E-17
    0.570000E+01    0.698326E-16    0.827935E-15    0.420779E-15    0.227583E-17
    0.580000E+01    0.766037E-16    0.793918E-15    0.393406E-15    0.219158E-17
    0.590000E+01    0.748433E-16    0.765108E-15    0.367503E-15    0.208283E-17
    0.600000E+01    0.786552E-16    0.736708E-15    0.343518E-15    0.197128E-17
    0.610000E+01    0.900460E-16    0.712040E-15    0.321266E-15    0.185585E-17
    0.620000E+01    0.934044E-16    0.690088E-15    0.300534E-15    0.168548E-17
    0.630000E+01    0.831106E-16    0.660136E-15    0.280936E-15    0.149629E-17
    0.640000E+01    0.869782E-16    0.642354E-15    0.262844E-15    0.133564E-17
    0.650000E+01    0.885538E-16    0.621796E-15    0.245709E-15    0.123461E-17
    0.660000E+01    0.909486E-16    0.605285E-15    0.230116E-15    0.118939E-17
    0.670000E+01    0.229115E-14    0.574900E-15    0.215242E-15    0.109071E-17
    0.680000E+01    0.172762E-14    0.557118E-15    0.202094E-15    0.100190E-17
    0.690000E+01    0.153321E-14    0.570427E-15    0.189696E-15    0.952408E-18
    0.700000E+01    0.111593E-14    0.571888E-15    0.178314E-15    0.908477E-18
    0.710000E+01    0.112177E-14    0.568926E-15    0.167458E-15    0.900770E-18
    0.720000E+01    0.113513E-14    0.567547E-15    0.157682E-15    0.841911E-18
    0.730000E+01    0.112969E-14    0.543286E-15    0.148242E-15    0.742171E-18
    0.740000E+01    0.656204E-15    0.506036E-15    0.138879E-15    0.690961E-18
    0.750000E+01   -0.337743E-15   -0.132883E-15    0.308653E-17   -0.303686E-18
    0.760000E+01    0.783770E-15   -0.121829E-16   -0.161078E-17    0.385927E-18
    0.770000E+01   -0.530004E-15    0.677163E-16    0.269306E-17   -0.142331E-18
    0.780000E+01    0.716349E-16   -0.721958E-16   -0.468738E-17    0.625242E-18
    0.790000E+01    0.706992E-16   -0.901515E-16   -0.435132E-17    0.592580E-18
    0.800000E+01    0.565482E-16   -0.768874E-16   -0.418425E-17    0.553267E-18
    0.810000E+01   -0.237684E-15    0.777855E-17   -0.407792E-17   -0.880254E-18
    0.820000E+01   -0.247745E-15    0.688339E-16   -0.385969E-17   -0.818491E-18
    0.830000E+01    0.471531E-15   -0.592501E-16    0.103095E-18    0.451426E-17
    0.840000E+01    0.673931E-15    0.356029E-15   -0.230993E-17    0.227803E-18
    0.850000E+01    0.676346E-15    0.356145E-15   -0.235242E-17    0.260470E-18
    0.860000E+01   -0.412159E-16   -0.192071E-15    0.627260E-18    0.444470E-18
    0.870000E+01   -0.436312E-16   -0.979103E-16    0.669166E-18    0.569871E-18
    0.880000E+01    0.411615E-15    0.595578E-16   -0.140211E-17   -0.682275E-18
    0.890000E+01   -0.157971E-15   -0.485336E-15    0.286276E-17   -0.116927E-17
    0.900000E+01   -0.162995E-15   -0.456920E-15    0.269834E-17   -0.107500E-17
    0.910000E+01    0.376740E-15   -0.416942E-15    0.374013E-17    0.503588E-18
    0.920000E+01    0.373256E-15   -0.410083E-15    0.354932E-17    0.483822E-18
    0.930000E+01    0.371751E-15   -0.402222E-15    0.336313E-17    0.446641E-18
    0.940000E+01    0.676767E-16   -0.518183E-16   -0.933867E-18    0.707493E-18
    0.950000E+01    0.199122E-15    0.122686E-14   -0.357778E-18    0.356334E-18
    0.960000E+01    0.199509E-15    0.120459E-14   -0.358136E-18    0.337359E-18
    0.970000E+01    0.202228E-15    0.119600E-14   -0.665293E-18    0.323127E-18
    0.980000E+01    0.861750E-15    0.198669E-15    0.144712E-16    0.681632E-20
    0.990000E+01    0.863015E-15    0.195621E-15    0.137533E-16    0.733240E-20
    0.100000E+02    0.864892E-15    0.192043E-15    0.130726E-16    0.705421E-20
