    0.000000E+00   -0.359192E-06    0.513564E-06   -0.114766E-05    0.985464E-06
    0.100000E+00   -0.210343E-04    0.352558E-04   -0.567890E-05   -0.854035E-05
    0.200000E+00   -0.424159E-04    0.894556E-04   -0.309865E-04   -0.160506E-04
    0.300000E+00   -0.639918E-04    0.164422E-03   -0.791931E-04   -0.212444E-04
    0.400000E+00   -0.839610E-04    0.259348E-03   -0.147790E-03   -0.275924E-04
    0.500000E+00   -0.102752E-03    0.376804E-03   -0.242883E-03   -0.311614E-04
    0.600000E+00   -0.119349E-03    0.517034E-03   -0.365884E-03   -0.317981E-04
    0.700000E+00   -0.132290E-03    0.679337E-03   -0.516684E-03   -0.303611E-04
    0.800000E+00   -0.140218E-03    0.862970E-03   -0.696128E-03   -0.266220E-04
    0.900000E+00   -0.141619E-03    0.106672E-02   -0.905251E-03   -0.198497E-04
    0.100000E+01   -0.134327E-03    0.128787E-02   -0.114257E-02   -0.109771E-04
    0.110000E+01   -0.116165E-03    0.152343E-02   -0.140780E-02    0.540157E-06
    0.120000E+01   -0.842579E-04    0.176853E-02   -0.169730E-02    0.130287E-04
    0.130000E+01   -0.356102E-04    0.201766E-02   -0.200800E-02    0.259430E-04
    0.140000E+01    0.332417E-04    0.226345E-02   -0.233303E-02    0.363374E-04
    0.150000E+01    0.125726E-03    0.249767E-02   -0.266482E-02    0.414243E-04
    0.160000E+01    0.245003E-03    0.271105E-02   -0.299252E-02    0.364691E-04
    0.170000E+01    0.393304E-03    0.289430E-02   -0.330329E-02    0.156840E-04
    0.180000E+01    0.571187E-03    0.303916E-02   -0.358261E-02   -0.277365E-04
    0.190000E+01    0.776839E-03    0.313969E-02   -0.381560E-02   -0.100930E-03
    0.200000E+01    0.100583E-02    0.319310E-02   -0.398871E-02   -0.210221E-03
    0.210000E+01    0.125159E-02    0.319964E-02   -0.409126E-02   -0.359965E-03
    0.220000E+01    0.150661E-02    0.316125E-02   -0.411611E-02   -0.551751E-03
    0.230000E+01    0.176373E-02    0.307978E-02   -0.405906E-02   -0.784452E-03
    0.240000E+01    0.201705E-02    0.295543E-02   -0.391779E-02   -0.105469E-02
    0.250000E+01    0.226231E-02    0.278604E-02   -0.369081E-02   -0.135754E-02
    0.260000E+01    0.249671E-02    0.256710E-02   -0.337675E-02   -0.168706E-02
    0.270000E+01    0.271860E-02    0.229225E-02   -0.297428E-02   -0.203658E-02
    0.280000E+01    0.292713E-02    0.195406E-02   -0.248235E-02   -0.239884E-02
    0.290000E+01    0.312189E-02    0.154471E-02   -0.190060E-02   -0.276600E-02
    0.300000E+01    0.330280E-02    0.105681E-02   -0.122998E-02   -0.312963E-02
    0.310000E+01    0.346988E-02    0.484160E-03   -0.473239E-03   -0.348080E-02
    0.320000E+01    0.362326E-02   -0.177624E-03    0.364592E-03   -0.381023E-02
    0.330000E+01    0.376310E-02   -0.930401E-03    0.127583E-02   -0.410853E-02
    0.340000E+01    0.388959E-02   -0.177299E-02    0.225000E-02   -0.436660E-02
    0.350000E+01    0.400296E-02   -0.270080E-02    0.327390E-02   -0.457606E-02
    0.360000E+01    0.410351E-02   -0.370564E-02    0.433190E-02   -0.472977E-02
    0.370000E+01    0.419158E-02   -0.477588E-02    0.540654E-02   -0.482224E-02
    0.380000E+01    0.426760E-02   -0.589679E-02    0.647929E-02   -0.485010E-02
    0.390000E+01    0.433210E-02   -0.705126E-02    0.753150E-02   -0.481234E-02
    0.400000E+01    0.438568E-02   -0.822068E-02    0.854538E-02   -0.471038E-02
    0.410000E+01    0.442906E-02   -0.938596E-02    0.950493E-02   -0.454803E-02
    0.420000E+01    0.446301E-02   -0.105286E-01    0.103967E-01   -0.433116E-02
    0.430000E+01    0.448840E-02   -0.116315E-01    0.112104E-01   -0.406730E-02
    0.440000E+01    0.450611E-02   -0.126799E-01    0.119389E-01   -0.376515E-02
    0.450000E+01    0.451705E-02   -0.136619E-01    0.125788E-01   -0.343398E-02
    0.460000E+01    0.452211E-02   -0.145685E-01    0.131296E-01   -0.308317E-02
    0.470000E+01    0.452216E-02   -0.153939E-01    0.135935E-01   -0.272170E-02
    0.480000E+01    0.451801E-02   -0.161352E-01    0.139750E-01   -0.235780E-02
    0.490000E+01    0.451037E-02   -0.167918E-01    0.142802E-01   -0.199872E-02
    0.500000E+01    0.449991E-02   -0.173656E-01    0.145162E-01   -0.165054E-02
    0.510000E+01    0.448718E-02   -0.178600E-01    0.146909E-01   -0.131817E-02
    0.520000E+01    0.447269E-02   -0.182796E-01    0.148122E-01   -0.100532E-02
    0.530000E+01    0.445684E-02   -0.186299E-01    0.148877E-01   -0.714616E-03
    0.540000E+01    0.443996E-02   -0.189171E-01    0.149248E-01   -0.447716E-03
    0.550000E+01    0.442235E-02   -0.191472E-01    0.149303E-01   -0.205422E-03
    0.560000E+01    0.440423E-02   -0.193265E-01    0.149101E-01    0.121547E-04
    0.570000E+01    0.438577E-02   -0.194610E-01    0.148697E-01    0.205459E-03
    0.580000E+01    0.436714E-02   -0.195563E-01    0.148138E-01    0.375367E-03
    0.590000E+01    0.434846E-02   -0.196177E-01    0.147462E-01    0.523060E-03
    0.600000E+01    0.432983E-02   -0.196501E-01    0.146703E-01    0.649940E-03
    0.610000E+01    0.431133E-02   -0.196578E-01    0.145889E-01    0.757533E-03
    0.620000E+01    0.429303E-02   -0.196448E-01    0.145043E-01    0.847431E-03
    0.630000E+01    0.427497E-02   -0.196145E-01    0.144183E-01    0.921236E-03
    0.640000E+01    0.425720E-02   -0.195701E-01    0.143324E-01    0.980524E-03
    0.650000E+01    0.423977E-02   -0.195143E-01    0.142477E-01    0.102681E-02
    0.660000E+01    0.422270E-02   -0.194494E-01    0.141652E-01    0.106153E-02
    0.670000E+01    0.420602E-02   -0.193775E-01    0.140854E-01    0.108604E-02
    0.680000E+01    0.418979E-02   -0.193002E-01    0.140089E-01    0.110158E-02
    0.690000E+01    0.417391E-02   -0.192191E-01    0.139359E-01    0.110929E-02
    0.700000E+01    0.415848E-02   -0.191355E-01    0.138668E-01    0.111022E-02
    0.710000E+01    0.414364E-02   -0.190506E-01    0.138016E-01    0.110534E-02
    0.720000E+01    0.412918E-02   -0.189651E-01    0.137404E-01    0.109547E-02
    0.730000E+01    0.411515E-02   -0.188797E-01    0.136832E-01    0.108138E-02
    0.740000E+01    0.410166E-02   -0.187953E-01    0.136299E-01    0.106375E-02
    0.750000E+01    0.408856E-02   -0.187122E-01    0.135804E-01    0.104317E-02
    0.760000E+01    0.407570E-02   -0.186306E-01    0.135348E-01    0.102013E-02
    0.770000E+01    0.406351E-02   -0.185513E-01    0.134926E-01    0.995210E-03
    0.780000E+01    0.405172E-02   -0.184744E-01    0.134540E-01    0.968714E-03
    0.790000E+01    0.404062E-02   -0.184004E-01    0.134187E-01    0.941110E-03
    0.800000E+01    0.402965E-02   -0.183288E-01    0.133865E-01    0.912569E-03
    0.810000E+01    0.401941E-02   -0.182603E-01    0.133574E-01    0.883501E-03
    0.820000E+01    0.400911E-02   -0.181943E-01    0.133312E-01    0.853957E-03
    0.830000E+01    0.399977E-02   -0.181319E-01    0.133077E-01    0.824372E-03
    0.840000E+01    0.399120E-02   -0.180728E-01    0.132867E-01    0.794867E-03
    0.850000E+01    0.398229E-02   -0.180159E-01    0.132683E-01    0.765351E-03
    0.860000E+01    0.397286E-02   -0.179611E-01    0.132524E-01    0.735895E-03
    0.870000E+01    0.396311E-02   -0.179086E-01    0.132390E-01    0.706435E-03
    0.880000E+01    0.395729E-02   -0.178626E-01    0.132267E-01    0.678646E-03
    0.890000E+01    0.395009E-02   -0.178177E-01    0.132170E-01    0.650650E-03
    0.900000E+01    0.394245E-02   -0.177748E-01    0.132090E-01    0.623360E-03
    0.910000E+01    0.393333E-02   -0.177326E-01    0.132037E-01    0.595621E-03
    0.920000E+01    0.392918E-02   -0.176979E-01    0.131974E-01    0.571345E-03
    0.930000E+01    0.392481E-02   -0.176654E-01    0.131946E-01    0.545990E-03
    0.940000E+01    0.391763E-02   -0.176320E-01    0.131938E-01    0.520629E-03
    0.950000E+01    0.391056E-02   -0.176008E-01    0.131930E-01    0.497205E-03
    0.960000E+01    0.390659E-02   -0.175748E-01    0.131933E-01    0.474949E-03
    0.970000E+01    0.390202E-02   -0.175504E-01    0.131969E-01    0.451506E-03
    0.980000E+01    0.388963E-02   -0.175195E-01    0.132027E-01    0.427182E-03
    0.990000E+01    0.388591E-02   -0.174995E-01    0.132068E-01    0.406767E-03
    0.100000E+02    0.388220E-02   -0.174813E-01    0.132122E-01    0.386896E-03
