    0.000000E+00    0.268547E-02    0.260348E-01    0.297330E-01    0.101275E-02
    0.100000E+00    0.291541E-02    0.271125E-01    0.311305E-01    0.110255E-02
    0.200000E+00    0.316324E-02    0.281968E-01    0.325597E-01    0.119973E-02
    0.300000E+00    0.343005E-02    0.292830E-01    0.340178E-01    0.130479E-02
    0.400000E+00    0.371692E-02    0.303661E-01    0.355013E-01    0.141829E-02
    0.500000E+00    0.402500E-02    0.314408E-01    0.370066E-01    0.154075E-02
    0.600000E+00    0.435546E-02    0.325016E-01    0.385298E-01    0.167278E-02
    0.700000E+00    0.470944E-02    0.335425E-01    0.400669E-01    0.181497E-02
    0.800000E+00    0.508813E-02    0.345574E-01    0.416135E-01    0.196796E-02
    0.900000E+00    0.549268E-02    0.355399E-01    0.431650E-01    0.213240E-02
    0.100000E+01    0.592425E-02    0.364835E-01    0.447167E-01    0.230897E-02
    0.110000E+01    0.638396E-02    0.373814E-01    0.462637E-01    0.249836E-02
    0.120000E+01    0.687284E-02    0.382267E-01    0.478008E-01    0.270128E-02
    0.130000E+01    0.739186E-02    0.390124E-01    0.493228E-01    0.291845E-02
    0.140000E+01    0.794187E-02    0.397315E-01    0.508240E-01    0.315058E-02
    0.150000E+01    0.852353E-02    0.403767E-01    0.522986E-01    0.339836E-02
    0.160000E+01    0.913728E-02    0.409409E-01    0.537406E-01    0.366246E-02
    0.170000E+01    0.978327E-02    0.414166E-01    0.551434E-01    0.394348E-02
    0.180000E+01    0.104613E-01    0.417968E-01    0.565001E-01    0.424194E-02
    0.190000E+01    0.111706E-01    0.420743E-01    0.578032E-01    0.455824E-02
    0.200000E+01    0.119101E-01    0.422419E-01    0.590446E-01    0.489261E-02
    0.210000E+01    0.126776E-01    0.422928E-01    0.602155E-01    0.524505E-02
    0.220000E+01    0.134705E-01    0.422206E-01    0.613064E-01    0.561530E-02
    0.230000E+01    0.142850E-01    0.420190E-01    0.623067E-01    0.600273E-02
    0.240000E+01    0.151162E-01    0.416826E-01    0.632051E-01    0.640628E-02
    0.250000E+01    0.159580E-01    0.412069E-01    0.639893E-01    0.682437E-02
    0.260000E+01    0.168030E-01    0.405884E-01    0.646462E-01    0.725481E-02
    0.270000E+01    0.176423E-01    0.398248E-01    0.651619E-01    0.769473E-02
    0.280000E+01    0.184657E-01    0.389161E-01    0.655223E-01    0.814050E-02
    0.290000E+01    0.192615E-01    0.378638E-01    0.657130E-01    0.858772E-02
    0.300000E+01    0.200170E-01    0.366722E-01    0.657203E-01    0.903115E-02
    0.310000E+01    0.207185E-01    0.353483E-01    0.655316E-01    0.946485E-02
    0.320000E+01    0.213521E-01    0.339018E-01    0.651361E-01    0.988219E-02
    0.330000E+01    0.219039E-01    0.323456E-01    0.645257E-01    0.102761E-01
    0.340000E+01    0.223610E-01    0.306955E-01    0.636958E-01    0.106393E-01
    0.350000E+01    0.227119E-01    0.289699E-01    0.626463E-01    0.109646E-01
    0.360000E+01    0.229473E-01    0.271891E-01    0.613816E-01    0.112451E-01
    0.370000E+01    0.230610E-01    0.253753E-01    0.599113E-01    0.114750E-01
    0.380000E+01    0.230500E-01    0.235507E-01    0.582500E-01    0.116493E-01
    0.390000E+01    0.229147E-01    0.217377E-01    0.564170E-01    0.117645E-01
    0.400000E+01    0.226593E-01    0.199573E-01    0.544354E-01    0.118189E-01
    0.410000E+01    0.222910E-01    0.182284E-01    0.523315E-01    0.118121E-01
    0.420000E+01    0.218202E-01    0.165673E-01    0.501331E-01    0.117456E-01
    0.430000E+01    0.212590E-01    0.149873E-01    0.478687E-01    0.116224E-01
    0.440000E+01    0.206214E-01    0.134983E-01    0.455663E-01    0.114467E-01
    0.450000E+01    0.199216E-01    0.121072E-01    0.432523E-01    0.112236E-01
    0.460000E+01    0.191742E-01    0.108175E-01    0.409507E-01    0.109590E-01
    0.470000E+01    0.183932E-01    0.963019E-02    0.386827E-01    0.106593E-01
    0.480000E+01    0.175914E-01    0.854406E-02    0.364663E-01    0.103308E-01
    0.490000E+01    0.167804E-01    0.755592E-02    0.343162E-01    0.997983E-02
    0.500000E+01    0.159703E-01    0.666126E-02    0.322439E-01    0.961228E-02
    0.510000E+01    0.151697E-01    0.585461E-02    0.302580E-01    0.923365E-02
    0.520000E+01    0.143855E-01    0.512990E-02    0.283643E-01    0.884890E-02
    0.530000E+01    0.136233E-01    0.448077E-02    0.265664E-01    0.846235E-02
    0.540000E+01    0.128873E-01    0.390080E-02    0.248658E-01    0.807774E-02
    0.550000E+01    0.121805E-01    0.338370E-02    0.232624E-01    0.769822E-02
    0.560000E+01    0.115049E-01    0.292343E-02    0.217546E-01    0.732634E-02
    0.570000E+01    0.108617E-01    0.251432E-02    0.203402E-01    0.696418E-02
    0.580000E+01    0.102514E-01    0.215107E-02    0.190158E-01    0.661331E-02
    0.590000E+01    0.967401E-02    0.182881E-02    0.177777E-01    0.627491E-02
    0.600000E+01    0.912892E-02    0.154310E-02    0.166218E-01    0.594982E-02
    0.610000E+01    0.861534E-02    0.128992E-02    0.155438E-01    0.563854E-02
    0.620000E+01    0.813220E-02    0.106566E-02    0.145392E-01    0.534134E-02
    0.630000E+01    0.767824E-02    0.867056E-03    0.136036E-01    0.505830E-02
    0.640000E+01    0.725212E-02    0.691223E-03    0.127326E-01    0.478931E-02
    0.650000E+01    0.685242E-02    0.535579E-03    0.119221E-01    0.453412E-02
    0.660000E+01    0.647769E-02    0.397833E-03    0.111679E-01    0.429239E-02
    0.670000E+01    0.612649E-02    0.275952E-03    0.104662E-01    0.406371E-02
    0.680000E+01    0.579742E-02    0.168137E-03    0.981316E-02    0.384761E-02
    0.690000E+01    0.548909E-02    0.727972E-04    0.920545E-02    0.364356E-02
    0.700000E+01    0.520018E-02    0.114766E-04    0.863975E-02    0.345104E-02
    0.710000E+01    0.492943E-02    0.859283E-04    0.811300E-02    0.326949E-02
    0.720000E+01    0.467564E-02    0.151658E-03    0.762235E-02    0.309837E-02
    0.730000E+01    0.443768E-02    0.209638E-03    0.716515E-02    0.293712E-02
    0.740000E+01    0.421446E-02    0.260729E-03    0.673894E-02    0.278520E-02
    0.750000E+01    0.400500E-02    0.305691E-03    0.634142E-02    0.264211E-02
    0.760000E+01    0.380836E-02    0.345197E-03    0.597048E-02    0.250732E-02
    0.770000E+01    0.362366E-02    0.379845E-03    0.562417E-02    0.238036E-02
    0.780000E+01    0.345008E-02    0.410162E-03    0.530067E-02    0.226076E-02
    0.790000E+01    0.328686E-02    0.436618E-03    0.499832E-02    0.214808E-02
    0.800000E+01    0.313331E-02    0.459628E-03    0.471557E-02    0.204189E-02
    0.810000E+01    0.298875E-02    0.479563E-03    0.445100E-02    0.194181E-02
    0.820000E+01    0.285259E-02    0.496750E-03    0.420330E-02    0.184746E-02
    0.830000E+01    0.272426E-02    0.511483E-03    0.397126E-02    0.175848E-02
    0.840000E+01    0.260323E-02    0.524023E-03    0.375376E-02    0.167454E-02
    0.850000E+01    0.248903E-02    0.534600E-03    0.354976E-02    0.159533E-02
    0.860000E+01    0.238119E-02    0.543424E-03    0.335832E-02    0.152056E-02
    0.870000E+01    0.227930E-02    0.550678E-03    0.317856E-02    0.144994E-02
    0.880000E+01    0.218297E-02    0.556529E-03    0.300967E-02    0.138323E-02
    0.890000E+01    0.209184E-02    0.561123E-03    0.285090E-02    0.132018E-02
    0.900000E+01    0.200559E-02    0.564595E-03    0.270156E-02    0.126057E-02
    0.910000E+01    0.192389E-02    0.567062E-03    0.256101E-02    0.120417E-02
    0.920000E+01    0.184647E-02    0.568630E-03    0.242865E-02    0.115081E-02
    0.930000E+01    0.177305E-02    0.569396E-03    0.230394E-02    0.110029E-02
    0.940000E+01    0.170338E-02    0.569445E-03    0.218638E-02    0.105244E-02
    0.950000E+01    0.163725E-02    0.568855E-03    0.207549E-02    0.100710E-02
    0.960000E+01    0.157442E-02    0.567694E-03    0.197084E-02    0.964112E-03
    0.970000E+01    0.151471E-02    0.566025E-03    0.187203E-02    0.923343E-03
    0.980000E+01    0.145793E-02    0.563903E-03    0.177868E-02    0.884660E-03
    0.990000E+01    0.140389E-02    0.561381E-03    0.169046E-02    0.847941E-03
    0.100000E+02    0.135245E-02    0.558502E-03    0.160702E-02    0.813069E-03
