    0.000000E+00   -0.324239E+01   -0.964831E-02   -0.130700E+00    0.991101E-01    0.506377E-02
    0.100000E+00   -0.317367E+01   -0.105515E-01   -0.138674E+00    0.103800E+00    0.551400E-02
    0.200000E+00   -0.310573E+01   -0.115608E-01   -0.147204E+00    0.108698E+00    0.600697E-02
    0.300000E+00   -0.303851E+01   -0.126938E-01   -0.156393E+00    0.113840E+00    0.654824E-02
    0.400000E+00   -0.297198E+01   -0.139709E-01   -0.166342E+00    0.119255E+00    0.714354E-02
    0.500000E+00   -0.290614E+01   -0.154154E-01   -0.177152E+00    0.124962E+00    0.779872E-02
    0.600000E+00   -0.284099E+01   -0.170543E-01   -0.188929E+00    0.130977E+00    0.851968E-02
    0.700000E+00   -0.277652E+01   -0.189182E-01   -0.201775E+00    0.137303E+00    0.931206E-02
    0.800000E+00   -0.271276E+01   -0.210418E-01   -0.215788E+00    0.143930E+00    0.101810E-01
    0.900000E+00   -0.264973E+01   -0.234638E-01   -0.231053E+00    0.150831E+00    0.111303E-01
    0.100000E+01   -0.258747E+01   -0.262263E-01   -0.247632E+00    0.157956E+00    0.121624E-01
    0.110000E+01   -0.252601E+01   -0.293734E-01   -0.265548E+00    0.165231E+00    0.132769E-01
    0.120000E+01   -0.246539E+01   -0.329501E-01   -0.284775E+00    0.172551E+00    0.144701E-01
    0.130000E+01   -0.240567E+01   -0.369996E-01   -0.305221E+00    0.179784E+00    0.157345E-01
    0.140000E+01   -0.234689E+01   -0.415612E-01   -0.326723E+00    0.186777E+00    0.170581E-01
    0.150000E+01   -0.228910E+01   -0.466680E-01   -0.349043E+00    0.193363E+00    0.184247E-01
    0.160000E+01   -0.223236E+01   -0.523456E-01   -0.371879E+00    0.199377E+00    0.198146E-01
    0.170000E+01   -0.217671E+01   -0.586112E-01   -0.394887E+00    0.204673E+00    0.212058E-01
    0.180000E+01   -0.212220E+01   -0.654747E-01   -0.417705E+00    0.209134E+00    0.225754E-01
    0.190000E+01   -0.206886E+01   -0.729402E-01   -0.439980E+00    0.212680E+00    0.239006E-01
    0.200000E+01   -0.201670E+01   -0.810073E-01   -0.461395E+00    0.215270E+00    0.251606E-01
    0.210000E+01   -0.196576E+01   -0.896733E-01   -0.481677E+00    0.216899E+00    0.263361E-01
    0.220000E+01   -0.191604E+01   -0.989342E-01   -0.500608E+00    0.217587E+00    0.274101E-01
    0.230000E+01   -0.186754E+01   -0.108786E+00   -0.518020E+00    0.217378E+00    0.283673E-01
    0.240000E+01   -0.182026E+01   -0.119224E+00   -0.533791E+00    0.216326E+00    0.291942E-01
    0.250000E+01   -0.177419E+01   -0.130246E+00   -0.547837E+00    0.214495E+00    0.298783E-01
    0.260000E+01   -0.172934E+01   -0.141851E+00   -0.560103E+00    0.211952E+00    0.304088E-01
    0.270000E+01   -0.168568E+01   -0.154040E+00   -0.570556E+00    0.208765E+00    0.307761E-01
    0.280000E+01   -0.164321E+01   -0.166819E+00   -0.579180E+00    0.205001E+00    0.309724E-01
    0.290000E+01   -0.160192E+01   -0.180201E+00   -0.585969E+00    0.200727E+00    0.309917E-01
    0.300000E+01   -0.156180E+01   -0.194204E+00   -0.590924E+00    0.196002E+00    0.308300E-01
    0.310000E+01   -0.152284E+01   -0.208858E+00   -0.594047E+00    0.190885E+00    0.304854E-01
    0.320000E+01   -0.148503E+01   -0.224202E+00   -0.595340E+00    0.185427E+00    0.299584E-01
    0.330000E+01   -0.144836E+01   -0.240288E+00   -0.594798E+00    0.179677E+00    0.292519E-01
    0.340000E+01   -0.141284E+01   -0.257180E+00   -0.592414E+00    0.173674E+00    0.283714E-01
    0.350000E+01   -0.137846E+01   -0.274952E+00   -0.588169E+00    0.167453E+00    0.273248E-01
    0.360000E+01   -0.134523E+01   -0.293688E+00   -0.582041E+00    0.161043E+00    0.261234E-01
    0.370000E+01   -0.131315E+01   -0.313472E+00   -0.574004E+00    0.154465E+00    0.247815E-01
    0.380000E+01   -0.128222E+01   -0.334385E+00   -0.564034E+00    0.147737E+00    0.233171E-01
    0.390000E+01   -0.125247E+01   -0.356488E+00   -0.552124E+00    0.140870E+00    0.217524E-01
    0.400000E+01   -0.122391E+01   -0.379808E+00   -0.538294E+00    0.133876E+00    0.201138E-01
    0.410000E+01   -0.119655E+01   -0.404316E+00   -0.522610E+00    0.126766E+00    0.184315E-01
    0.420000E+01   -0.117041E+01   -0.429914E+00   -0.505199E+00    0.119559E+00    0.167387E-01
    0.430000E+01   -0.114549E+01   -0.456419E+00   -0.486261E+00    0.112283E+00    0.150698E-01
    0.440000E+01   -0.112180E+01   -0.483565E+00   -0.466071E+00    0.104980E+00    0.134579E-01
    0.450000E+01   -0.109933E+01   -0.511024E+00   -0.444959E+00    0.977059E-01    0.119318E-01
    0.460000E+01   -0.107808E+01   -0.538434E+00   -0.423291E+00    0.905287E-01    0.105140E-01
    0.470000E+01   -0.105801E+01   -0.565439E+00   -0.401433E+00    0.835221E-01    0.921896E-02
    0.480000E+01   -0.103909E+01   -0.591721E+00   -0.379718E+00    0.767576E-01    0.805331E-02
    0.490000E+01   -0.102129E+01   -0.617024E+00   -0.358433E+00    0.702978E-01    0.701677E-02
    0.500000E+01   -0.100455E+01   -0.641160E+00   -0.337801E+00    0.641916E-01    0.610387E-02
    0.510000E+01   -0.988825E+00   -0.664011E+00   -0.317987E+00    0.584719E-01    0.530566E-02
    0.520000E+01   -0.974056E+00   -0.685513E+00   -0.299100E+00    0.531563E-01    0.461140E-02
    0.530000E+01   -0.960186E+00   -0.705652E+00   -0.281203E+00    0.482490E-01    0.400967E-02
    0.540000E+01   -0.947159E+00   -0.724446E+00   -0.264326E+00    0.437433E-01    0.348926E-02
    0.550000E+01   -0.934919E+00   -0.741939E+00   -0.248468E+00    0.396244E-01    0.303966E-02
    0.560000E+01   -0.923413E+00   -0.758189E+00   -0.233612E+00    0.358722E-01    0.265131E-02
    0.570000E+01   -0.912590E+00   -0.773263E+00   -0.219724E+00    0.324631E-01    0.231571E-02
    0.580000E+01   -0.902401E+00   -0.787235E+00   -0.206763E+00    0.293720E-01    0.202542E-02
    0.590000E+01   -0.892802E+00   -0.800177E+00   -0.194682E+00    0.265732E-01    0.177399E-02
    0.600000E+01   -0.883750E+00   -0.812164E+00   -0.183431E+00    0.240416E-01    0.155587E-02
    0.610000E+01   -0.875206E+00   -0.823266E+00   -0.172958E+00    0.217528E-01    0.136630E-02
    0.620000E+01   -0.867132E+00   -0.833551E+00   -0.163211E+00    0.196842E-01    0.120122E-02
    0.630000E+01   -0.859496E+00   -0.843081E+00   -0.154142E+00    0.178146E-01    0.105718E-02
    0.640000E+01   -0.852266E+00   -0.851918E+00   -0.145702E+00    0.161244E-01    0.931231E-03
    0.650000E+01   -0.845413E+00   -0.860116E+00   -0.137846E+00    0.145959E-01    0.820873E-03
    0.660000E+01   -0.838912E+00   -0.867727E+00   -0.130530E+00    0.132129E-01    0.723971E-03
    0.670000E+01   -0.832737E+00   -0.874799E+00   -0.123713E+00    0.119606E-01    0.638708E-03
    0.680000E+01   -0.826866E+00   -0.881374E+00   -0.117359E+00    0.108260E-01    0.563534E-03
    0.690000E+01   -0.821279E+00   -0.887494E+00   -0.111431E+00    0.979722E-02    0.497122E-03
    0.700000E+01   -0.815956E+00   -0.893194E+00   -0.105898E+00    0.886351E-02    0.438335E-03
    0.710000E+01   -0.810880E+00   -0.898509E+00   -0.100729E+00    0.801546E-02    0.386205E-03
    0.720000E+01   -0.806036E+00   -0.903469E+00   -0.958966E-01    0.724438E-02    0.339885E-03
    0.730000E+01   -0.801407E+00   -0.908102E+00   -0.913750E-01    0.654297E-02    0.298676E-03
    0.740000E+01   -0.796981E+00   -0.912434E+00   -0.871407E-01    0.590397E-02    0.261929E-03
    0.750000E+01   -0.792745E+00   -0.916488E+00   -0.831721E-01    0.532153E-02    0.229122E-03
    0.760000E+01   -0.788687E+00   -0.920286E+00   -0.794494E-01    0.479011E-02    0.199786E-03
    0.770000E+01   -0.784796E+00   -0.923848E+00   -0.759542E-01    0.430491E-02    0.173521E-03
    0.780000E+01   -0.781063E+00   -0.927191E+00   -0.726699E-01    0.386147E-02    0.149970E-03
    0.790000E+01   -0.777479E+00   -0.930331E+00   -0.695810E-01    0.345572E-02    0.128817E-03
    0.800000E+01   -0.774034E+00   -0.933284E+00   -0.666733E-01    0.308453E-02    0.109818E-03
    0.810000E+01   -0.770721E+00   -0.936064E+00   -0.639339E-01    0.274464E-02    0.927318E-04
    0.820000E+01   -0.767532E+00   -0.938682E+00   -0.613509E-01    0.243259E-02    0.773155E-04
    0.830000E+01   -0.764460E+00   -0.941151E+00   -0.589132E-01    0.214647E-02    0.634258E-04
    0.840000E+01   -0.761501E+00   -0.943481E+00   -0.566108E-01    0.188390E-02    0.508986E-04
    0.850000E+01   -0.758646E+00   -0.945682E+00   -0.544344E-01    0.164240E-02    0.395686E-04
    0.860000E+01   -0.755891E+00   -0.947762E+00   -0.523754E-01    0.142041E-02    0.293297E-04
    0.870000E+01   -0.753231E+00   -0.949731E+00   -0.504260E-01    0.121656E-02    0.200901E-04
    0.880000E+01   -0.750661E+00   -0.951595E+00   -0.485788E-01    0.102949E-02    0.117611E-04
    0.890000E+01   -0.748177E+00   -0.953361E+00   -0.468272E-01    0.856993E-03    0.420703E-05
    0.900000E+01   -0.745773E+00   -0.955036E+00   -0.451649E-01    0.698058E-03   -0.263676E-05
    0.910000E+01   -0.743447E+00   -0.956626E+00   -0.435863E-01    0.550366E-03   -0.889983E-05
    0.920000E+01   -0.741193E+00   -0.958136E+00   -0.420860E-01    0.415273E-03   -0.145182E-04
    0.930000E+01   -0.739011E+00   -0.959572E+00   -0.406591E-01    0.291085E-03   -0.195847E-04
    0.940000E+01   -0.736896E+00   -0.960937E+00   -0.393012E-01    0.176891E-03   -0.241520E-04
    0.950000E+01   -0.734843E+00   -0.962237E+00   -0.380079E-01    0.696630E-04   -0.283928E-04
    0.960000E+01   -0.732852E+00   -0.963475E+00   -0.367754E-01   -0.259918E-04   -0.320496E-04
    0.970000E+01   -0.730918E+00   -0.964655E+00   -0.356002E-01   -0.117171E-03   -0.355154E-04
    0.980000E+01   -0.729043E+00   -0.965780E+00   -0.344786E-01   -0.197963E-03   -0.384701E-04
    0.990000E+01   -0.727217E+00   -0.966854E+00   -0.334078E-01   -0.276716E-03   -0.413601E-04
    0.100000E+02   -0.725446E+00   -0.967880E+00   -0.323846E-01   -0.346818E-03   -0.438323E-04
