    0.000000E+00   -0.324239E+01    0.000000E+00    0.000000E+00   -0.000000E+00   -0.000000E+00
    0.100000E+00   -0.317367E+01   -0.119256E-04    0.330861E-04    0.151761E-04   -0.339238E-04
    0.200000E+00   -0.310573E+01   -0.242394E-04    0.749239E-04    0.332531E-04   -0.725985E-04
    0.300000E+00   -0.303851E+01   -0.367560E-04    0.127083E-03    0.545908E-04   -0.116880E-03
    0.400000E+00   -0.297198E+01   -0.491455E-04    0.191319E-03    0.793848E-04   -0.167681E-03
    0.500000E+00   -0.290614E+01   -0.608979E-04    0.269589E-03    0.107606E-03   -0.225982E-03
    0.600000E+00   -0.284099E+01   -0.712739E-04    0.364035E-03    0.138893E-03   -0.292832E-03
    0.700000E+00   -0.277652E+01   -0.792470E-04    0.476932E-03    0.172383E-03   -0.369326E-03
    0.800000E+00   -0.271276E+01   -0.834419E-04    0.610553E-03    0.206466E-03   -0.456566E-03
    0.900000E+00   -0.264973E+01   -0.820812E-04    0.766949E-03    0.238457E-03   -0.555597E-03
    0.100000E+01   -0.258747E+01   -0.729574E-04    0.947586E-03    0.264193E-03   -0.667305E-03
    0.110000E+01   -0.252601E+01   -0.534543E-04    0.115281E-02    0.277596E-03   -0.792301E-03
    0.120000E+01   -0.246539E+01   -0.206448E-04    0.138116E-02    0.270360E-03   -0.930786E-03
    0.130000E+01   -0.240566E+01    0.285218E-04    0.162854E-02    0.231976E-03   -0.108244E-02
    0.140000E+01   -0.234688E+01    0.969528E-04    0.188754E-02    0.150414E-03   -0.124638E-02
    0.150000E+01   -0.228909E+01    0.187114E-03    0.214704E-02    0.136775E-04   -0.142117E-02
    0.160000E+01   -0.223235E+01    0.300769E-03    0.239255E-02   -0.187898E-03   -0.160504E-02
    0.170000E+01   -0.217671E+01    0.438821E-03    0.260741E-02   -0.459286E-03   -0.179601E-02
    0.180000E+01   -0.212219E+01    0.601254E-03    0.277450E-02   -0.799343E-03   -0.199216E-02
    0.190000E+01   -0.206885E+01    0.787155E-03    0.287808E-02   -0.120099E-02   -0.219165E-02
    0.200000E+01   -0.201670E+01    0.994774E-03    0.290506E-02   -0.165285E-02   -0.239281E-02
    0.210000E+01   -0.196577E+01    0.122161E-02    0.284557E-02   -0.214138E-02   -0.259402E-02
    0.220000E+01   -0.191605E+01    0.146455E-02    0.269292E-02   -0.265278E-02   -0.279368E-02
    0.230000E+01   -0.186755E+01    0.171997E-02    0.244327E-02   -0.317416E-02   -0.299022E-02
    0.240000E+01   -0.182028E+01    0.198396E-02    0.209523E-02   -0.369396E-02   -0.318203E-02
    0.250000E+01   -0.177422E+01    0.225244E-02    0.164955E-02   -0.420207E-02   -0.336748E-02
    0.260000E+01   -0.172936E+01    0.252129E-02    0.110881E-02   -0.468963E-02   -0.354497E-02
    0.270000E+01   -0.168570E+01    0.278652E-02    0.477240E-03   -0.514893E-02   -0.371292E-02
    0.280000E+01   -0.164323E+01    0.304433E-02   -0.239452E-03   -0.557325E-02   -0.386977E-02
    0.290000E+01   -0.160194E+01    0.329120E-02   -0.103423E-02   -0.595681E-02   -0.401407E-02
    0.300000E+01   -0.156181E+01    0.352390E-02   -0.189886E-02   -0.629478E-02   -0.414438E-02
    0.310000E+01   -0.152283E+01    0.373961E-02   -0.282402E-02   -0.658326E-02   -0.425937E-02
    0.320000E+01   -0.148501E+01    0.393581E-02   -0.379939E-02   -0.681930E-02   -0.435777E-02
    0.330000E+01   -0.144832E+01    0.411035E-02   -0.481368E-02   -0.700092E-02   -0.443838E-02
    0.340000E+01   -0.141278E+01    0.426138E-02   -0.585456E-02   -0.712705E-02   -0.450002E-02
    0.350000E+01   -0.137837E+01    0.438735E-02   -0.690861E-02   -0.719757E-02   -0.454158E-02
    0.360000E+01   -0.134511E+01    0.448694E-02   -0.796107E-02   -0.721326E-02   -0.456195E-02
    0.370000E+01   -0.131299E+01    0.455907E-02   -0.899568E-02   -0.717577E-02   -0.456008E-02
    0.380000E+01   -0.128203E+01    0.460293E-02   -0.999453E-02   -0.708761E-02   -0.453503E-02
    0.390000E+01   -0.125224E+01    0.461800E-02   -0.109381E-01   -0.695216E-02   -0.448602E-02
    0.400000E+01   -0.122365E+01    0.460419E-02   -0.118055E-01   -0.677363E-02   -0.441262E-02
    0.410000E+01   -0.119625E+01    0.456195E-02   -0.125756E-01   -0.655709E-02   -0.431492E-02
    0.420000E+01   -0.117007E+01    0.449243E-02   -0.132286E-01   -0.630838E-02   -0.419379E-02
    0.430000E+01   -0.114513E+01    0.439763E-02   -0.137480E-01   -0.603396E-02   -0.405100E-02
    0.440000E+01   -0.112142E+01    0.428038E-02   -0.141232E-01   -0.574068E-02   -0.388938E-02
    0.450000E+01   -0.109895E+01    0.414425E-02   -0.143508E-01   -0.543542E-02   -0.371261E-02
    0.460000E+01   -0.107770E+01    0.399328E-02   -0.144357E-01   -0.512476E-02   -0.352500E-02
    0.470000E+01   -0.105764E+01    0.383164E-02   -0.143901E-01   -0.481458E-02   -0.333106E-02
    0.480000E+01   -0.103874E+01    0.366336E-02   -0.142314E-01   -0.450983E-02   -0.313505E-02
    0.490000E+01   -0.102096E+01    0.349199E-02   -0.139797E-01   -0.421440E-02   -0.294070E-02
    0.500000E+01   -0.100425E+01    0.332055E-02   -0.136556E-01   -0.393117E-02   -0.275103E-02
    0.510000E+01   -0.988553E+00    0.315143E-02   -0.132786E-01   -0.366207E-02   -0.256828E-02
    0.520000E+01   -0.973811E+00    0.298648E-02   -0.128657E-01   -0.340826E-02   -0.239402E-02
    0.530000E+01   -0.959966E+00    0.282702E-02   -0.124313E-01   -0.317026E-02   -0.222922E-02
    0.540000E+01   -0.946963E+00    0.267394E-02   -0.119871E-01   -0.294814E-02   -0.207437E-02
    0.550000E+01   -0.934745E+00    0.252785E-02   -0.115421E-01   -0.274158E-02   -0.192961E-02
    0.560000E+01   -0.923259E+00    0.238902E-02   -0.111032E-01   -0.255007E-02   -0.179481E-02
    0.570000E+01   -0.912453E+00    0.225759E-02   -0.106755E-01   -0.237290E-02   -0.166966E-02
    0.580000E+01   -0.902281E+00    0.213349E-02   -0.102623E-01   -0.220928E-02   -0.155374E-02
    0.590000E+01   -0.892695E+00    0.201660E-02   -0.986612E-02   -0.205836E-02   -0.144654E-02
    0.600000E+01   -0.883655E+00    0.190664E-02   -0.948824E-02   -0.191927E-02   -0.134752E-02
    0.610000E+01   -0.875121E+00    0.180336E-02   -0.912935E-02   -0.179117E-02   -0.125614E-02
    0.620000E+01   -0.867057E+00    0.170645E-02   -0.878960E-02   -0.167321E-02   -0.117184E-02
    0.630000E+01   -0.859428E+00    0.161558E-02   -0.846875E-02   -0.156460E-02   -0.109408E-02
    0.640000E+01   -0.852205E+00    0.153037E-02   -0.816629E-02   -0.146459E-02   -0.102235E-02
    0.650000E+01   -0.845359E+00    0.145052E-02   -0.788153E-02   -0.137247E-02   -0.956178E-03
    0.660000E+01   -0.838863E+00    0.137571E-02   -0.761363E-02   -0.128758E-02   -0.895104E-03
    0.670000E+01   -0.832692E+00    0.130558E-02   -0.736172E-02   -0.120932E-02   -0.838709E-03
    0.680000E+01   -0.826826E+00    0.123982E-02   -0.712487E-02   -0.113713E-02   -0.786604E-03
    0.690000E+01   -0.821242E+00    0.117821E-02   -0.690216E-02   -0.107048E-02   -0.738430E-03
    0.700000E+01   -0.815922E+00    0.112037E-02   -0.669268E-02   -0.100890E-02   -0.693857E-03
    0.710000E+01   -0.810850E+00    0.106603E-02   -0.649555E-02   -0.951974E-03   -0.652585E-03
    0.720000E+01   -0.806007E+00    0.101509E-02   -0.630993E-02   -0.899294E-03   -0.614337E-03
    0.730000E+01   -0.801381E+00    0.967095E-03   -0.613501E-02   -0.850504E-03   -0.578861E-03
    0.740000E+01   -0.796957E+00    0.922048E-03   -0.597004E-02   -0.805276E-03   -0.545928E-03
    0.750000E+01   -0.792722E+00    0.879756E-03   -0.581431E-02   -0.763313E-03   -0.515328E-03
    0.760000E+01   -0.788666E+00    0.839820E-03   -0.566716E-02   -0.724344E-03   -0.486869E-03
    0.770000E+01   -0.784777E+00    0.802320E-03   -0.552798E-02   -0.688121E-03   -0.460379E-03
    0.780000E+01   -0.781045E+00    0.766929E-03   -0.539621E-02   -0.654421E-03   -0.435697E-03
    0.790000E+01   -0.777461E+00    0.733401E-03   -0.527130E-02   -0.623038E-03   -0.412681E-03
    0.800000E+01   -0.774018E+00    0.701973E-03   -0.515278E-02   -0.593786E-03   -0.391198E-03
    0.810000E+01   -0.770705E+00    0.672666E-03   -0.504019E-02   -0.566497E-03   -0.371128E-03
    0.820000E+01   -0.767517E+00    0.643989E-03   -0.493312E-02   -0.541015E-03   -0.352360E-03
    0.830000E+01   -0.764447E+00    0.617663E-03   -0.483120E-02   -0.517199E-03   -0.334797E-03
    0.840000E+01   -0.761488E+00    0.592434E-03   -0.473406E-02   -0.494922E-03   -0.318345E-03
    0.850000E+01   -0.758634E+00    0.568313E-03   -0.464138E-02   -0.474065E-03   -0.302921E-03
    0.860000E+01   -0.755880E+00    0.545982E-03   -0.455287E-02   -0.454523E-03   -0.288448E-03
    0.870000E+01   -0.753220E+00    0.524367E-03   -0.446824E-02   -0.436195E-03   -0.274858E-03
    0.880000E+01   -0.750651E+00    0.504232E-03   -0.438726E-02   -0.418991E-03   -0.262085E-03
    0.890000E+01   -0.748167E+00    0.484240E-03   -0.430967E-02   -0.402831E-03   -0.250070E-03
    0.900000E+01   -0.745763E+00    0.465728E-03   -0.423527E-02   -0.387639E-03   -0.238761E-03
    0.910000E+01   -0.743437E+00    0.449352E-03   -0.416385E-02   -0.373345E-03   -0.228107E-03
    0.920000E+01   -0.741185E+00    0.433181E-03   -0.409524E-02   -0.359886E-03   -0.218062E-03
    0.930000E+01   -0.739002E+00    0.416684E-03   -0.402926E-02   -0.347203E-03   -0.208585E-03
    0.940000E+01   -0.736887E+00    0.401986E-03   -0.396576E-02   -0.335242E-03   -0.199637E-03
    0.950000E+01   -0.734836E+00    0.387174E-03   -0.390459E-02   -0.323955E-03   -0.191182E-03
    0.960000E+01   -0.732845E+00    0.373881E-03   -0.384562E-02   -0.313294E-03   -0.183188E-03
    0.970000E+01   -0.730911E+00    0.361475E-03   -0.378872E-02   -0.303219E-03   -0.175625E-03
    0.980000E+01   -0.729035E+00    0.349497E-03   -0.373377E-02   -0.293692E-03   -0.168463E-03
    0.990000E+01   -0.727211E+00    0.335409E-03   -0.368068E-02   -0.284676E-03   -0.161678E-03
    0.100000E+02   -0.725438E+00    0.325781E-03   -0.362933E-02   -0.276133E-03   -0.155246E-03
