    0.000000E+00   -0.324239E+01    0.374036E-01    0.961221E+00    0.966986E+00    0.343901E-01
    0.100000E+00   -0.317367E+01    0.389063E-01    0.959876E+00    0.965819E+00    0.353988E-01
    0.200000E+00   -0.310573E+01    0.405200E-01    0.958429E+00    0.964600E+00    0.364513E-01
    0.300000E+00   -0.303851E+01    0.422568E-01    0.956869E+00    0.963327E+00    0.375474E-01
    0.400000E+00   -0.297198E+01    0.441305E-01    0.955183E+00    0.961999E+00    0.386875E-01
    0.500000E+00   -0.290614E+01    0.461569E-01    0.953357E+00    0.960614E+00    0.398718E-01
    0.600000E+00   -0.284099E+01    0.483542E-01    0.951375E+00    0.959170E+00    0.411011E-01
    0.700000E+00   -0.277652E+01    0.507433E-01    0.949216E+00    0.957665E+00    0.423762E-01
    0.800000E+00   -0.271276E+01    0.533475E-01    0.946859E+00    0.956095E+00    0.436986E-01
    0.900000E+00   -0.264973E+01    0.561932E-01    0.944278E+00    0.954458E+00    0.450706E-01
    0.100000E+01   -0.258747E+01    0.593090E-01    0.941445E+00    0.952751E+00    0.464953E-01
    0.110000E+01   -0.252601E+01    0.627260E-01    0.938328E+00    0.950969E+00    0.479771E-01
    0.120000E+01   -0.246539E+01    0.664764E-01    0.934893E+00    0.949108E+00    0.495218E-01
    0.130000E+01   -0.240567E+01    0.705926E-01    0.931107E+00    0.947164E+00    0.511367E-01
    0.140000E+01   -0.234689E+01    0.751058E-01    0.926934E+00    0.945131E+00    0.528297E-01
    0.150000E+01   -0.228910E+01    0.800445E-01    0.922343E+00    0.943004E+00    0.546087E-01
    0.160000E+01   -0.223236E+01    0.854337E-01    0.917305E+00    0.940781E+00    0.564805E-01
    0.170000E+01   -0.217671E+01    0.912940E-01    0.911797E+00    0.938460E+00    0.584489E-01
    0.180000E+01   -0.212220E+01    0.976416E-01    0.905801E+00    0.936043E+00    0.605144E-01
    0.190000E+01   -0.206886E+01    0.104489E+00    0.899301E+00    0.933537E+00    0.626724E-01
    0.200000E+01   -0.201670E+01    0.111846E+00    0.892289E+00    0.930951E+00    0.649136E-01
    0.210000E+01   -0.196576E+01    0.119720E+00    0.884759E+00    0.928298E+00    0.672237E-01
    0.220000E+01   -0.191604E+01    0.128117E+00    0.876706E+00    0.925593E+00    0.695842E-01
    0.230000E+01   -0.186754E+01    0.137042E+00    0.868129E+00    0.922857E+00    0.719723E-01
    0.240000E+01   -0.182026E+01    0.146500E+00    0.859025E+00    0.920112E+00    0.743625E-01
    0.250000E+01   -0.177419E+01    0.156498E+00    0.849394E+00    0.917382E+00    0.767263E-01
    0.260000E+01   -0.172934E+01    0.167042E+00    0.839232E+00    0.914692E+00    0.790334E-01
    0.270000E+01   -0.168568E+01    0.178144E+00    0.828533E+00    0.912070E+00    0.812522E-01
    0.280000E+01   -0.164321E+01    0.189818E+00    0.817287E+00    0.909545E+00    0.833504E-01
    0.290000E+01   -0.160192E+01    0.202083E+00    0.805476E+00    0.907145E+00    0.852952E-01
    0.300000E+01   -0.156180E+01    0.214967E+00    0.793078E+00    0.904901E+00    0.870542E-01
    0.310000E+01   -0.152284E+01    0.228506E+00    0.780057E+00    0.902841E+00    0.885953E-01
    0.320000E+01   -0.148503E+01    0.242746E+00    0.766370E+00    0.900996E+00    0.898875E-01
    0.330000E+01   -0.144836E+01    0.257744E+00    0.751960E+00    0.899395E+00    0.909007E-01
    0.340000E+01   -0.141284E+01    0.273567E+00    0.736759E+00    0.898067E+00    0.916066E-01
    0.350000E+01   -0.137846E+01    0.290293E+00    0.720688E+00    0.897039E+00    0.919793E-01
    0.360000E+01   -0.134523E+01    0.308007E+00    0.703659E+00    0.896338E+00    0.919962E-01
    0.370000E+01   -0.131315E+01    0.326795E+00    0.685582E+00    0.895984E+00    0.916396E-01
    0.380000E+01   -0.128222E+01    0.346736E+00    0.666370E+00    0.895995E+00    0.908989E-01
    0.390000E+01   -0.125247E+01    0.367891E+00    0.645955E+00    0.896381E+00    0.897731E-01
    0.400000E+01   -0.122391E+01    0.390286E+00    0.624300E+00    0.897139E+00    0.882742E-01
    0.410000E+01   -0.119655E+01    0.413892E+00    0.601422E+00    0.898257E+00    0.864289E-01
    0.420000E+01   -0.117041E+01    0.438611E+00    0.577403E+00    0.899705E+00    0.842807E-01
    0.430000E+01   -0.114549E+01    0.464263E+00    0.552409E+00    0.901439E+00    0.818888E-01
    0.440000E+01   -0.112180E+01    0.490588E+00    0.526684E+00    0.903405E+00    0.793236E-01
    0.450000E+01   -0.109933E+01    0.517263E+00    0.500536E+00    0.905539E+00    0.766612E-01
    0.460000E+01   -0.107808E+01    0.543936E+00    0.474310E+00    0.907779E+00    0.739751E-01
    0.470000E+01   -0.105801E+01    0.570256E+00    0.448349E+00    0.910066E+00    0.713295E-01
    0.480000E+01   -0.103909E+01    0.595912E+00    0.422963E+00    0.912350E+00    0.687754E-01
    0.490000E+01   -0.102129E+01    0.620651E+00    0.398408E+00    0.914593E+00    0.663485E-01
    0.500000E+01   -0.100455E+01    0.644285E+00    0.374876E+00    0.916767E+00    0.640710E-01
    0.510000E+01   -0.988825E+00    0.666695E+00    0.352497E+00    0.918855E+00    0.619533E-01
    0.520000E+01   -0.974056E+00    0.687813E+00    0.331343E+00    0.920847E+00    0.599975E-01
    0.530000E+01   -0.960186E+00    0.707620E+00    0.311444E+00    0.922736E+00    0.581997E-01
    0.540000E+01   -0.947159E+00    0.726130E+00    0.292794E+00    0.924523E+00    0.565523E-01
    0.550000E+01   -0.934919E+00    0.743380E+00    0.275365E+00    0.926210E+00    0.550457E-01
    0.560000E+01   -0.923413E+00    0.759422E+00    0.259109E+00    0.927799E+00    0.536693E-01
    0.570000E+01   -0.912590E+00    0.774321E+00    0.243971E+00    0.929295E+00    0.524124E-01
    0.580000E+01   -0.902401E+00    0.788143E+00    0.229889E+00    0.930704E+00    0.512644E-01
    0.590000E+01   -0.892802E+00    0.800959E+00    0.216796E+00    0.932029E+00    0.502155E-01
    0.600000E+01   -0.883750E+00    0.812839E+00    0.204627E+00    0.933277E+00    0.492564E-01
    0.610000E+01   -0.875206E+00    0.823850E+00    0.193319E+00    0.934453E+00    0.483786E-01
    0.620000E+01   -0.867132E+00    0.834057E+00    0.182808E+00    0.935561E+00    0.475744E-01
    0.630000E+01   -0.859496E+00    0.843522E+00    0.173035E+00    0.936607E+00    0.468366E-01
    0.640000E+01   -0.852266E+00    0.852302E+00    0.163945E+00    0.937593E+00    0.461591E-01
    0.650000E+01   -0.845413E+00    0.860452E+00    0.155486E+00    0.938526E+00    0.455360E-01
    0.660000E+01   -0.838912E+00    0.868023E+00    0.147608E+00    0.939408E+00    0.449622E-01
    0.670000E+01   -0.832737E+00    0.875059E+00    0.140266E+00    0.940242E+00    0.444331E-01
    0.680000E+01   -0.826866E+00    0.881604E+00    0.133418E+00    0.941033E+00    0.439446E-01
    0.690000E+01   -0.821279E+00    0.887698E+00    0.127027E+00    0.941783E+00    0.434929E-01
    0.700000E+01   -0.815956E+00    0.893375E+00    0.121055E+00    0.942494E+00    0.430748E-01
    0.710000E+01   -0.810880E+00    0.898671E+00    0.115472E+00    0.943171E+00    0.426871E-01
    0.720000E+01   -0.806036E+00    0.903613E+00    0.110245E+00    0.943814E+00    0.423272E-01
    0.730000E+01   -0.801407E+00    0.908232E+00    0.105350E+00    0.944426E+00    0.419927E-01
    0.740000E+01   -0.796981E+00    0.912551E+00    0.100759E+00    0.945009E+00    0.416814E-01
    0.750000E+01   -0.792745E+00    0.916594E+00    0.964496E-01    0.945565E+00    0.413914E-01
    0.760000E+01   -0.788687E+00    0.920382E+00    0.924014E-01    0.946096E+00    0.411207E-01
    0.770000E+01   -0.784796E+00    0.923935E+00    0.885946E-01    0.946603E+00    0.408680E-01
    0.780000E+01   -0.781063E+00    0.927270E+00    0.850114E-01    0.947088E+00    0.406316E-01
    0.790000E+01   -0.777479E+00    0.930403E+00    0.816355E-01    0.947551E+00    0.404103E-01
    0.800000E+01   -0.774034E+00    0.933350E+00    0.784521E-01    0.947995E+00    0.402028E-01
    0.810000E+01   -0.770721E+00    0.936124E+00    0.754475E-01    0.948420E+00    0.400082E-01
    0.820000E+01   -0.767532E+00    0.938738E+00    0.726089E-01    0.948828E+00    0.398254E-01
    0.830000E+01   -0.764460E+00    0.941202E+00    0.699250E-01    0.949219E+00    0.396535E-01
    0.840000E+01   -0.761501E+00    0.943529E+00    0.673850E-01    0.949595E+00    0.394918E-01
    0.850000E+01   -0.758646E+00    0.945726E+00    0.649793E-01    0.949955E+00    0.393394E-01
    0.860000E+01   -0.755891E+00    0.947803E+00    0.626987E-01    0.950302E+00    0.391957E-01
    0.870000E+01   -0.753231E+00    0.949769E+00    0.605350E-01    0.950636E+00    0.390600E-01
    0.880000E+01   -0.750661E+00    0.951630E+00    0.584806E-01    0.950957E+00    0.389319E-01
    0.890000E+01   -0.748177E+00    0.953394E+00    0.565285E-01    0.951267E+00    0.388108E-01
    0.900000E+01   -0.745773E+00    0.955067E+00    0.546720E-01    0.951565E+00    0.386961E-01
    0.910000E+01   -0.743447E+00    0.956655E+00    0.529052E-01    0.951852E+00    0.385875E-01
    0.920000E+01   -0.741193E+00    0.958164E+00    0.512225E-01    0.952129E+00    0.384846E-01
    0.930000E+01   -0.739011E+00    0.959597E+00    0.496188E-01    0.952397E+00    0.383869E-01
    0.940000E+01   -0.736896E+00    0.960961E+00    0.480892E-01    0.952655E+00    0.382942E-01
    0.950000E+01   -0.734843E+00    0.962260E+00    0.466293E-01    0.952905E+00    0.382062E-01
    0.960000E+01   -0.732852E+00    0.963496E+00    0.452351E-01    0.953146E+00    0.381224E-01
    0.970000E+01   -0.730918E+00    0.964675E+00    0.439027E-01    0.953379E+00    0.380428E-01
    0.980000E+01   -0.729043E+00    0.965799E+00    0.426285E-01    0.953605E+00    0.379669E-01
    0.990000E+01   -0.727217E+00    0.966873E+00    0.414093E-01    0.953824E+00    0.378947E-01
    0.100000E+02   -0.725446E+00    0.967897E+00    0.402418E-01    0.954035E+00    0.378258E-01
