    0.000000E+00   -0.324239E+01    0.000000E+00    0.000000E+00   -0.000000E+00   -0.000000E+00
    0.100000E+00   -0.317367E+01   -0.119305E-04    0.319341E-04    0.139193E-04   -0.339228E-04
    0.200000E+00   -0.310573E+01   -0.242691E-04    0.695056E-04    0.273507E-04   -0.725873E-04
    0.300000E+00   -0.303851E+01   -0.368464E-04    0.113674E-03    0.400080E-04   -0.116836E-03
    0.400000E+00   -0.297198E+01   -0.493543E-04    0.165527E-03    0.513886E-04   -0.167561E-03
    0.500000E+00   -0.290614E+01   -0.613115E-04    0.226308E-03    0.607268E-04   -0.225723E-03
    0.600000E+00   -0.284099E+01   -0.720158E-04    0.297434E-03    0.669241E-04   -0.292342E-03
    0.700000E+00   -0.277652E+01   -0.804864E-04    0.380509E-03    0.684588E-04   -0.368482E-03
    0.800000E+00   -0.271276E+01   -0.854018E-04    0.477333E-03    0.632810E-04   -0.455212E-03
    0.900000E+00   -0.264973E+01   -0.850420E-04    0.589884E-03    0.487045E-04   -0.553546E-03
    0.100000E+01   -0.258747E+01   -0.772509E-04    0.720280E-03    0.213255E-04   -0.664354E-03
    0.110000E+01   -0.252601E+01   -0.594406E-04    0.870677E-03   -0.229798E-04   -0.788256E-03
    0.120000E+01   -0.246539E+01   -0.286615E-04    0.104306E-02   -0.888938E-04   -0.925504E-03
    0.130000E+01   -0.240567E+01    0.182471E-04    0.123887E-02   -0.181225E-03   -0.107589E-02
    0.140000E+01   -0.234689E+01    0.844276E-04    0.145839E-02   -0.304118E-03   -0.123869E-02
    0.150000E+01   -0.228910E+01    0.172731E-03    0.169994E-02   -0.459925E-03   -0.141274E-02
    0.160000E+01   -0.223236E+01    0.285456E-03    0.195904E-02   -0.647978E-03   -0.159652E-02
    0.170000E+01   -0.217671E+01    0.424145E-03    0.222787E-02   -0.863711E-03   -0.178830E-02
    0.180000E+01   -0.212220E+01    0.589469E-03    0.249546E-02   -0.109859E-02   -0.198634E-02
    0.190000E+01   -0.206886E+01    0.781197E-03    0.274870E-02   -0.134099E-02   -0.218891E-02
    0.200000E+01   -0.201670E+01    0.998219E-03    0.297374E-02   -0.157767E-02   -0.239429E-02
    0.210000E+01   -0.196576E+01    0.123865E-02    0.315738E-02   -0.179527E-02   -0.260076E-02
    0.220000E+01   -0.191604E+01    0.149996E-02    0.328803E-02   -0.198143E-02   -0.280656E-02
    0.230000E+01   -0.186754E+01    0.177920E-02    0.335610E-02   -0.212541E-02   -0.300988E-02
    0.240000E+01   -0.182026E+01    0.207311E-02    0.335400E-02   -0.221827E-02   -0.320884E-02
    0.250000E+01   -0.177419E+01    0.237841E-02    0.327600E-02   -0.225285E-02   -0.340156E-02
    0.260000E+01   -0.172934E+01    0.269187E-02    0.311799E-02   -0.222371E-02   -0.358615E-02
    0.270000E+01   -0.168568E+01    0.301051E-02    0.287728E-02   -0.212703E-02   -0.376077E-02
    0.280000E+01   -0.164321E+01    0.333167E-02    0.255244E-02   -0.196049E-02   -0.392362E-02
    0.290000E+01   -0.160192E+01    0.365312E-02    0.214315E-02   -0.172326E-02   -0.407302E-02
    0.300000E+01   -0.156180E+01    0.397310E-02    0.165018E-02   -0.141591E-02   -0.420737E-02
    0.310000E+01   -0.152284E+01    0.429037E-02    0.107525E-02   -0.104039E-02   -0.432523E-02
    0.320000E+01   -0.148503E+01    0.460421E-02    0.421040E-03   -0.600002E-03   -0.442524E-02
    0.330000E+01   -0.144836E+01    0.491440E-02   -0.308783E-03   -0.994351E-04   -0.450618E-02
    0.340000E+01   -0.141284E+01    0.522117E-02   -0.110946E-02    0.455195E-03   -0.456690E-02
    0.350000E+01   -0.137846E+01    0.552511E-02   -0.197494E-02    0.105618E-02   -0.460635E-02
    0.360000E+01   -0.134523E+01    0.582704E-02   -0.289747E-02    0.169398E-02   -0.462355E-02
    0.370000E+01   -0.131315E+01    0.612780E-02   -0.386717E-02    0.235697E-02   -0.461760E-02
    0.380000E+01   -0.128222E+01    0.642796E-02   -0.487134E-02    0.303113E-02   -0.458775E-02
    0.390000E+01   -0.125247E+01    0.672742E-02   -0.589389E-02    0.369991E-02   -0.453344E-02
    0.400000E+01   -0.122391E+01    0.702492E-02   -0.691481E-02    0.434440E-02   -0.445452E-02
    0.410000E+01   -0.119655E+01    0.731753E-02   -0.791023E-02    0.494403E-02   -0.435133E-02
    0.420000E+01   -0.117041E+01    0.760018E-02   -0.885320E-02    0.547801E-02   -0.422499E-02
    0.430000E+01   -0.114549E+01    0.786562E-02   -0.971566E-02    0.592755E-02   -0.407751E-02
    0.440000E+01   -0.112180E+01    0.810481E-02   -0.104713E-01    0.627829E-02   -0.391181E-02
    0.450000E+01   -0.109933E+01    0.830798E-02   -0.110989E-01    0.652252E-02   -0.373165E-02
    0.460000E+01   -0.107808E+01    0.846612E-02   -0.115851E-01    0.666025E-02   -0.354129E-02
    0.470000E+01   -0.105801E+01    0.857239E-02   -0.119260E-01    0.669877E-02   -0.334513E-02
    0.480000E+01   -0.103909E+01    0.862316E-02   -0.121268E-01    0.665095E-02   -0.314733E-02
    0.490000E+01   -0.102129E+01    0.861830E-02   -0.121996E-01    0.653280E-02   -0.295148E-02
    0.500000E+01   -0.100455E+01    0.856087E-02   -0.121615E-01    0.636115E-02   -0.276052E-02
    0.510000E+01   -0.988825E+00    0.845628E-02   -0.120315E-01    0.615186E-02   -0.257665E-02
    0.520000E+01   -0.974056E+00    0.831143E-02   -0.118288E-01    0.591871E-02   -0.240137E-02
    0.530000E+01   -0.960186E+00    0.813378E-02   -0.115711E-01    0.567296E-02   -0.223565E-02
    0.540000E+01   -0.947159E+00    0.793077E-02   -0.112742E-01    0.542335E-02   -0.207995E-02
    0.550000E+01   -0.934919E+00    0.770930E-02   -0.109512E-01    0.517632E-02   -0.193441E-02
    0.560000E+01   -0.923413E+00    0.747549E-02   -0.106130E-01    0.493640E-02   -0.179890E-02
    0.570000E+01   -0.912590E+00    0.723457E-02   -0.102681E-01    0.470660E-02   -0.167311E-02
    0.580000E+01   -0.902401E+00    0.699088E-02   -0.992302E-02    0.448874E-02   -0.155660E-02
    0.590000E+01   -0.892802E+00    0.674789E-02   -0.958277E-02    0.428376E-02   -0.144888E-02
    0.600000E+01   -0.883750E+00    0.650832E-02   -0.925090E-02    0.409198E-02   -0.134940E-02
    0.610000E+01   -0.875206E+00    0.627423E-02   -0.892991E-02    0.391327E-02   -0.125760E-02
    0.620000E+01   -0.867132E+00    0.604712E-02   -0.862143E-02    0.374723E-02   -0.117293E-02
    0.630000E+01   -0.859496E+00    0.582806E-02   -0.832644E-02    0.359322E-02   -0.109484E-02
    0.640000E+01   -0.852266E+00    0.561770E-02   -0.804542E-02    0.345055E-02   -0.102282E-02
    0.650000E+01   -0.845413E+00    0.541645E-02   -0.777849E-02    0.331844E-02   -0.956396E-03
    0.660000E+01   -0.838912E+00    0.522446E-02   -0.752547E-02    0.319610E-02   -0.895097E-03
    0.670000E+01   -0.832737E+00    0.504173E-02   -0.728600E-02    0.308278E-02   -0.838504E-03
    0.680000E+01   -0.826866E+00    0.486808E-02   -0.705961E-02    0.297776E-02   -0.786224E-03
    0.690000E+01   -0.821279E+00    0.470328E-02   -0.684571E-02    0.288032E-02   -0.737895E-03
    0.700000E+01   -0.815956E+00    0.454706E-02   -0.664367E-02    0.278980E-02   -0.693187E-03
    0.710000E+01   -0.810880E+00    0.439903E-02   -0.645286E-02    0.270562E-02   -0.651795E-03
    0.720000E+01   -0.806036E+00    0.425881E-02   -0.627261E-02    0.262724E-02   -0.613442E-03
    0.730000E+01   -0.801407E+00    0.412604E-02   -0.610228E-02    0.255411E-02   -0.577873E-03
    0.740000E+01   -0.796981E+00    0.400035E-02   -0.594124E-02    0.248574E-02   -0.544858E-03
    0.750000E+01   -0.792745E+00    0.388127E-02   -0.578889E-02    0.242180E-02   -0.514186E-03
    0.760000E+01   -0.788687E+00    0.376851E-02   -0.564465E-02    0.236181E-02   -0.485663E-03
    0.770000E+01   -0.784796E+00    0.366163E-02   -0.550800E-02    0.230548E-02   -0.459117E-03
    0.780000E+01   -0.781063E+00    0.356028E-02   -0.537840E-02    0.225251E-02   -0.434386E-03
    0.790000E+01   -0.777479E+00    0.346414E-02   -0.525540E-02    0.220259E-02   -0.411327E-03
    0.800000E+01   -0.774034E+00    0.337285E-02   -0.513854E-02    0.215549E-02   -0.389805E-03
    0.810000E+01   -0.770721E+00    0.328617E-02   -0.502741E-02    0.211094E-02   -0.369701E-03
    0.820000E+01   -0.767532E+00    0.320383E-02   -0.492162E-02    0.206869E-02   -0.350905E-03
    0.830000E+01   -0.764460E+00    0.312535E-02   -0.482081E-02    0.202878E-02   -0.333315E-03
    0.840000E+01   -0.761501E+00    0.305083E-02   -0.472467E-02    0.199068E-02   -0.316840E-03
    0.850000E+01   -0.758646E+00    0.297977E-02   -0.463287E-02    0.195449E-02   -0.301397E-03
    0.860000E+01   -0.755891E+00    0.291189E-02   -0.454513E-02    0.192015E-02   -0.286907E-03
    0.870000E+01   -0.753231E+00    0.284736E-02   -0.446120E-02    0.188714E-02   -0.273303E-03
    0.880000E+01   -0.750661E+00    0.278563E-02   -0.438083E-02    0.185571E-02   -0.260517E-03
    0.890000E+01   -0.748177E+00    0.272671E-02   -0.430379E-02    0.182557E-02   -0.248493E-03
    0.900000E+01   -0.745773E+00    0.267027E-02   -0.422988E-02    0.179679E-02   -0.237174E-03
    0.910000E+01   -0.743447E+00    0.261621E-02   -0.415891E-02    0.176922E-02   -0.226512E-03
    0.920000E+01   -0.741193E+00    0.256502E-02   -0.409070E-02    0.174214E-02   -0.216462E-03
    0.930000E+01   -0.739011E+00    0.251483E-02   -0.402508E-02    0.171723E-02   -0.206979E-03
    0.940000E+01   -0.736896E+00    0.246762E-02   -0.396190E-02    0.169231E-02   -0.198028E-03
    0.950000E+01   -0.734843E+00    0.242163E-02   -0.390102E-02    0.166896E-02   -0.189570E-03
    0.960000E+01   -0.732852E+00    0.237850E-02   -0.384231E-02    0.164539E-02   -0.181576E-03
    0.970000E+01   -0.730918E+00    0.233649E-02   -0.378565E-02    0.162318E-02   -0.174012E-03
    0.980000E+01   -0.729043E+00    0.229561E-02   -0.373093E-02    0.160217E-02   -0.166851E-03
    0.990000E+01   -0.727217E+00    0.225664E-02   -0.367803E-02    0.158145E-02   -0.160066E-03
    0.100000E+02   -0.725446E+00    0.221887E-02   -0.362686E-02    0.156162E-02   -0.153634E-03
