    0.000000E+00   -0.324239E+01    0.374036E-01    0.961221E+00    0.966986E+00    0.343901E-01
    0.100000E+00   -0.317343E+01    0.389042E-01    0.959881E+00    0.965827E+00    0.353887E-01
    0.200000E+00   -0.310485E+01    0.405127E-01    0.958447E+00    0.964630E+00    0.364108E-01
    0.300000E+00   -0.303669E+01    0.422431E-01    0.956909E+00    0.963392E+00    0.374558E-01
    0.400000E+00   -0.296900E+01    0.441125E-01    0.955253E+00    0.962111E+00    0.385233E-01
    0.500000E+00   -0.290184E+01    0.461406E-01    0.953463E+00    0.960782E+00    0.396141E-01
    0.600000E+00   -0.283526E+01    0.483508E-01    0.951518E+00    0.959401E+00    0.407303E-01
    0.700000E+00   -0.276936E+01    0.507696E-01    0.949393E+00    0.957962E+00    0.418758E-01
    0.800000E+00   -0.270420E+01    0.534264E-01    0.947060E+00    0.956457E+00    0.430574E-01
    0.900000E+00   -0.263987E+01    0.563531E-01    0.944486E+00    0.954876E+00    0.442850E-01
    0.100000E+01   -0.257645E+01    0.595816E-01    0.941636E+00    0.953211E+00    0.455714E-01
    0.110000E+01   -0.251404E+01    0.631427E-01    0.938476E+00    0.951449E+00    0.469320E-01
    0.120000E+01   -0.245270E+01    0.670635E-01    0.934972E+00    0.949582E+00    0.483827E-01
    0.130000E+01   -0.239250E+01    0.713664E-01    0.931094E+00    0.947601E+00    0.499389E-01
    0.140000E+01   -0.233349E+01    0.760685E-01    0.926818E+00    0.945501E+00    0.516128E-01
    0.150000E+01   -0.227570E+01    0.811843E-01    0.922122E+00    0.943281E+00    0.534121E-01
    0.160000E+01   -0.221914E+01    0.867282E-01    0.916989E+00    0.940944E+00    0.553388E-01
    0.170000E+01   -0.216383E+01    0.927158E-01    0.911400E+00    0.938495E+00    0.573896E-01
    0.180000E+01   -0.210975E+01    0.991640E-01    0.905338E+00    0.935941E+00    0.595572E-01
    0.190000E+01   -0.205688E+01    0.106091E+00    0.898786E+00    0.933291E+00    0.618311E-01
    0.200000E+01   -0.200521E+01    0.113518E+00    0.891726E+00    0.930558E+00    0.641976E-01
    0.210000E+01   -0.195471E+01    0.121468E+00    0.884136E+00    0.927755E+00    0.666402E-01
    0.220000E+01   -0.190536E+01    0.129968E+00    0.875994E+00    0.924898E+00    0.691399E-01
    0.230000E+01   -0.185714E+01    0.139047E+00    0.867273E+00    0.922006E+00    0.716743E-01
    0.240000E+01   -0.181004E+01    0.148738E+00    0.857944E+00    0.919100E+00    0.742182E-01
    0.250000E+01   -0.176403E+01    0.159078E+00    0.847973E+00    0.916206E+00    0.767430E-01
    0.260000E+01   -0.171910E+01    0.170109E+00    0.837323E+00    0.913351E+00    0.792167E-01
    0.270000E+01   -0.167523E+01    0.181878E+00    0.825951E+00    0.910567E+00    0.816037E-01
    0.280000E+01   -0.163243E+01    0.194438E+00    0.813807E+00    0.907890E+00    0.838647E-01
    0.290000E+01   -0.159069E+01    0.207848E+00    0.800837E+00    0.905359E+00    0.859565E-01
    0.300000E+01   -0.155001E+01    0.222176E+00    0.786976E+00    0.903015E+00    0.878328E-01
    0.310000E+01   -0.151039E+01    0.237498E+00    0.772153E+00    0.900906E+00    0.894441E-01
    0.320000E+01   -0.147185E+01    0.253896E+00    0.756288E+00    0.899077E+00    0.907387E-01
    0.330000E+01   -0.143438E+01    0.271460E+00    0.739296E+00    0.897580E+00    0.916644E-01
    0.340000E+01   -0.139802E+01    0.290284E+00    0.721085E+00    0.896460E+00    0.921709E-01
    0.350000E+01   -0.136279E+01    0.310457E+00    0.701566E+00    0.895765E+00    0.922128E-01
    0.360000E+01   -0.132871E+01    0.332056E+00    0.680661E+00    0.895528E+00    0.917545E-01
    0.370000E+01   -0.129582E+01    0.355130E+00    0.658318E+00    0.895776E+00    0.907755E-01
    0.380000E+01   -0.126415E+01    0.379682E+00    0.634528E+00    0.896513E+00    0.892771E-01
    0.390000E+01   -0.123375E+01    0.405645E+00    0.609344E+00    0.897724E+00    0.872875E-01
    0.400000E+01   -0.120466E+01    0.432867E+00    0.582904E+00    0.899365E+00    0.848642E-01
    0.410000E+01   -0.117692E+01    0.461100E+00    0.555436E+00    0.901371E+00    0.820924E-01
    0.420000E+01   -0.115054E+01    0.490010E+00    0.527256E+00    0.903657E+00    0.790775E-01
    0.430000E+01   -0.112555E+01    0.519198E+00    0.498739E+00    0.906130E+00    0.759330E-01
    0.440000E+01   -0.110194E+01    0.548245E+00    0.470289E+00    0.908698E+00    0.727672E-01
    0.450000E+01   -0.107971E+01    0.576751E+00    0.442295E+00    0.911282E+00    0.696723E-01
    0.460000E+01   -0.105881E+01    0.604367E+00    0.415097E+00    0.913818E+00    0.667183E-01
    0.470000E+01   -0.103920E+01    0.630820E+00    0.388967E+00    0.916262E+00    0.639515E-01
    0.480000E+01   -0.102084E+01    0.655918E+00    0.364099E+00    0.918585E+00    0.613974E-01
    0.490000E+01   -0.100364E+01    0.679543E+00    0.340618E+00    0.920775E+00    0.590645E-01
    0.500000E+01   -0.987558E+00    0.701640E+00    0.318586E+00    0.922824E+00    0.569501E-01
    0.510000E+01   -0.972509E+00    0.722207E+00    0.298014E+00    0.924736E+00    0.550435E-01
    0.520000E+01   -0.958426E+00    0.741276E+00    0.278878E+00    0.926516E+00    0.533300E-01
    0.530000E+01   -0.945241E+00    0.758907E+00    0.261128E+00    0.928172E+00    0.517928E-01
    0.540000E+01   -0.932890E+00    0.775175E+00    0.244697E+00    0.929713E+00    0.504149E-01
    0.550000E+01   -0.921311E+00    0.790166E+00    0.229506E+00    0.931149E+00    0.491796E-01
    0.560000E+01   -0.910444E+00    0.803967E+00    0.215474E+00    0.932487E+00    0.480715E-01
    0.570000E+01   -0.900236E+00    0.816669E+00    0.202517E+00    0.933738E+00    0.470764E-01
    0.580000E+01   -0.890636E+00    0.828357E+00    0.190554E+00    0.934908E+00    0.461815E-01
    0.590000E+01   -0.881597E+00    0.839114E+00    0.179506E+00    0.936004E+00    0.453755E-01
    0.600000E+01   -0.873078E+00    0.849020E+00    0.169298E+00    0.937033E+00    0.446483E-01
    0.610000E+01   -0.865039E+00    0.858147E+00    0.159861E+00    0.938001E+00    0.439910E-01
    0.620000E+01   -0.857443E+00    0.866563E+00    0.151129E+00    0.938912E+00    0.433957E-01
    0.630000E+01   -0.850258E+00    0.874329E+00    0.143043E+00    0.939772E+00    0.428556E-01
    0.640000E+01   -0.843453E+00    0.881504E+00    0.135547E+00    0.940585E+00    0.423647E-01
    0.650000E+01   -0.837002E+00    0.888137E+00    0.128592E+00    0.941353E+00    0.419177E-01
    0.660000E+01   -0.830878E+00    0.894278E+00    0.122131E+00    0.942082E+00    0.415098E-01
    0.670000E+01   -0.825059E+00    0.899968E+00    0.116123E+00    0.942773E+00    0.411370E-01
    0.680000E+01   -0.819523E+00    0.905247E+00    0.110529E+00    0.943429E+00    0.407956E-01
    0.690000E+01   -0.814250E+00    0.910149E+00    0.105315E+00    0.944053E+00    0.404826E-01
    0.700000E+01   -0.809224E+00    0.914708E+00    0.100449E+00    0.944648E+00    0.401950E-01
    0.710000E+01   -0.804428E+00    0.918952E+00    0.959031E-01    0.945214E+00    0.399304E-01
    0.720000E+01   -0.799847E+00    0.922907E+00    0.916514E-01    0.945755E+00    0.396865E-01
    0.730000E+01   -0.795467E+00    0.926597E+00    0.876700E-01    0.946271E+00    0.394614E-01
    0.740000E+01   -0.791275E+00    0.930044E+00    0.839376E-01    0.946765E+00    0.392533E-01
    0.750000E+01   -0.787260E+00    0.933267E+00    0.804348E-01    0.947237E+00    0.390606E-01
    0.760000E+01   -0.783410E+00    0.936285E+00    0.771437E-01    0.947689E+00    0.388821E-01
    0.770000E+01   -0.779717E+00    0.939113E+00    0.740483E-01    0.948123E+00    0.387163E-01
    0.780000E+01   -0.776170E+00    0.941766E+00    0.711339E-01    0.948538E+00    0.385623E-01
    0.790000E+01   -0.772762E+00    0.944257E+00    0.683870E-01    0.948937E+00    0.384189E-01
    0.800000E+01   -0.769484E+00    0.946599E+00    0.657954E-01    0.949320E+00    0.382853E-01
    0.810000E+01   -0.766329E+00    0.948803E+00    0.633479E-01    0.949688E+00    0.381607E-01
    0.820000E+01   -0.763290E+00    0.950879E+00    0.610342E-01    0.950042E+00    0.380443E-01
    0.830000E+01   -0.760361E+00    0.952836E+00    0.588450E-01    0.950383E+00    0.379355E-01
    0.840000E+01   -0.757536E+00    0.954683E+00    0.567717E-01    0.950711E+00    0.378336E-01
    0.850000E+01   -0.754810E+00    0.956428E+00    0.548063E-01    0.951027E+00    0.377382E-01
    0.860000E+01   -0.752177E+00    0.958078E+00    0.529416E-01    0.951332E+00    0.376487E-01
    0.870000E+01   -0.749633E+00    0.959638E+00    0.511709E-01    0.951626E+00    0.375646E-01
    0.880000E+01   -0.747174E+00    0.961117E+00    0.494881E-01    0.951910E+00    0.374856E-01
    0.890000E+01   -0.744794E+00    0.962518E+00    0.478876E-01    0.952183E+00    0.374113E-01
    0.900000E+01   -0.742491E+00    0.963847E+00    0.463640E-01    0.952448E+00    0.373414E-01
    0.910000E+01   -0.740261E+00    0.965108E+00    0.449127E-01    0.952704E+00    0.372754E-01
    0.920000E+01   -0.738099E+00    0.966307E+00    0.435290E-01    0.952951E+00    0.372132E-01
    0.930000E+01   -0.736004E+00    0.967447E+00    0.422090E-01    0.953190E+00    0.371545E-01
    0.940000E+01   -0.733972E+00    0.968531E+00    0.409488E-01    0.953421E+00    0.370991E-01
    0.950000E+01   -0.732000E+00    0.969564E+00    0.397448E-01    0.953645E+00    0.370466E-01
    0.960000E+01   -0.730085E+00    0.970548E+00    0.385938E-01    0.953862E+00    0.369970E-01
    0.970000E+01   -0.728225E+00    0.971486E+00    0.374926E-01    0.954072E+00    0.369500E-01
    0.980000E+01   -0.726418E+00    0.972381E+00    0.364386E-01    0.954275E+00    0.369055E-01
    0.990000E+01   -0.724662E+00    0.973235E+00    0.354289E-01    0.954473E+00    0.368632E-01
    0.100000E+02   -0.722954E+00    0.974052E+00    0.344612E-01    0.954664E+00    0.368231E-01
