    0.000000E+00   -0.324239E+01   -0.000000E+00   -0.000000E+00    0.000000E+00    0.000000E+00
    0.100000E+00   -0.317367E+01    0.000000E+00    0.000000E+00    0.000000E+00    0.000000E+00
    0.200000E+00   -0.310573E+01   -0.000000E+00   -0.000000E+00    0.000000E+00    0.000000E+00
    0.300000E+00   -0.303851E+01   -0.257411E-37   -0.217907E-37    0.246819E-37    0.625102E-38
    0.400000E+00   -0.297198E+01   -0.162616E-44   -0.661792E-45    0.161676E-44   -0.415321E-46
    0.500000E+00   -0.290614E+01   -0.104635E-51   -0.476872E-52    0.108291E-51   -0.403493E-53
    0.600000E+00   -0.284099E+01   -0.823324E-59   -0.426767E-59    0.881454E-59   -0.415562E-60
    0.700000E+00   -0.277652E+01   -0.860387E-66   -0.507186E-66    0.945917E-66   -0.556462E-67
    0.800000E+00   -0.271276E+01   -0.127967E-72   -0.857011E-73    0.143222E-72   -0.104644E-73
    0.900000E+00   -0.264973E+01   -0.270765E-79   -0.205632E-79    0.305217E-79   -0.277457E-80
    0.100000E+01   -0.258747E+01    0.141711E-29    0.122227E-29   -0.158445E-29    0.179118E-30
    0.110000E+01   -0.252601E+01    0.708607E-36    0.685375E-36   -0.774451E-36    0.112249E-36
    0.120000E+01   -0.246539E+01    0.551206E-42    0.597332E-42   -0.573516E-42    0.108159E-42
    0.130000E+01   -0.240566E+01    0.651578E-48    0.786175E-48   -0.622877E-48    0.158352E-48
    0.140000E+01   -0.234688E+01    0.119234E-53    0.159102E-53   -0.991630E-54    0.359446E-54
    0.150000E+01   -0.228909E+01    0.314105E-59    0.460700E-59   -0.207051E-59    0.117844E-59
    0.160000E+01   -0.223235E+01    0.115107E-64    0.184868E-64   -0.494169E-65    0.540164E-65
    0.170000E+01   -0.217671E+01    0.583656E-70    0.102711E-69   -0.768576E-71    0.344971E-70
    0.180000E+01   -0.212219E+01    0.390082E-75    0.757745E-75    0.964188E-76    0.293016E-75
    0.190000E+01   -0.206885E+01    0.337126E-80    0.734585E-80    0.245322E-80    0.325573E-80
    0.200000E+01   -0.201670E+01    0.366815E-85    0.920356E-85    0.493287E-85    0.462390E-85
    0.210000E+01   -0.196577E+01    0.510733E-90    0.153189E-89    0.110468E-89    0.858067E-90
    0.220000E+01   -0.191605E+01    0.867590E-95    0.327271E-94    0.287175E-94    0.200293E-94
    0.230000E+01   -0.186755E+01    0.176178E-99    0.896584E-99    0.893742E-99    0.586833E-99
    0.240000E+01   -0.182028E+01   -0.157006E-29   -0.120090E-28   -0.129248E-28   -0.823508E-29
    0.250000E+01   -0.177422E+01   -0.366779E-34   -0.521264E-33   -0.582800E-33   -0.367724E-33
    0.260000E+01   -0.172936E+01   -0.467712E-39   -0.278713E-37   -0.314401E-37   -0.199206E-37
    0.270000E+01   -0.168570E+01    0.544145E-43   -0.184125E-41   -0.205007E-41   -0.131716E-41
    0.280000E+01   -0.164323E+01    0.102223E-46   -0.148035E-45   -0.160063E-45   -0.104996E-45
    0.290000E+01   -0.160194E+01   -0.134756E-27    0.130325E-26    0.135289E-26    0.910217E-27
    0.300000E+01   -0.156181E+01   -0.198517E-31    0.151218E-30    0.149300E-30    0.103390E-30
    0.310000E+01   -0.152283E+01   -0.322328E-35    0.206274E-34    0.192606E-34    0.137549E-34
    0.320000E+01   -0.148501E+01   -0.178826E-25    0.909010E-25    0.804606E-25    0.592839E-25
    0.330000E+01   -0.144832E+01   -0.964799E-28    0.484162E-27    0.399710E-27    0.304453E-27
    0.340000E+01   -0.141278E+01   -0.196495E-31    0.898676E-31    0.695048E-31    0.546830E-31
    0.350000E+01   -0.137837E+01   -0.406259E-35    0.171018E-34    0.123733E-34    0.100485E-34
    0.360000E+01   -0.134511E+01   -0.621534E-23    0.233509E-22    0.157427E-22    0.132430E-22
    0.370000E+01   -0.131299E+01   -0.981448E-26    0.354664E-25    0.224250E-25    0.193147E-25
    0.380000E+01   -0.128203E+01   -0.164575E-29    0.550698E-29    0.324776E-29    0.287725E-29
    0.390000E+01   -0.125224E+01   -0.234054E-33    0.726558E-33    0.399972E-33    0.363335E-33
    0.400000E+01   -0.122365E+01   -0.277778E-37    0.799423E-37    0.410822E-37    0.381675E-37
    0.410000E+01   -0.119625E+01   -0.278450E-41    0.742108E-41    0.356124E-41    0.337446E-41
    0.420000E+01   -0.117007E+01   -0.236308E-45    0.582317E-45    0.261127E-45    0.251620E-45
    0.430000E+01   -0.114513E+01   -0.213121E-23    0.534280E-23    0.221142E-23    0.217419E-23
    0.440000E+01   -0.112142E+01   -0.129244E-27    0.271517E-27    0.106668E-27    0.105389E-27
    0.450000E+01   -0.109895E+01   -0.287978E-27    0.599344E-27    0.219263E-27    0.219282E-27
    0.460000E+01   -0.107770E+01   -0.150922E-31    0.262473E-31    0.912006E-32    0.913283E-32
    0.470000E+01   -0.105764E+01    0.982680E-25   -0.138027E-24   -0.456872E-25   -0.456692E-25
    0.480000E+01   -0.103874E+01    0.506818E-29   -0.680786E-29   -0.211723E-29   -0.212671E-29
    0.490000E+01   -0.102096E+01    0.273399E-33   -0.323686E-33   -0.953359E-34   -0.957442E-34
    0.500000E+01   -0.100425E+01   -0.100871E-25    0.105097E-25    0.293333E-26    0.294207E-26
    0.510000E+01   -0.988553E+00   -0.775622E-30    0.526843E-30    0.140489E-30    0.138482E-30
    0.520000E+01   -0.973811E+00   -0.564285E-34    0.404342E-34    0.101354E-34    0.100588E-34
    0.530000E+01   -0.959966E+00   -0.455426E-38    0.286470E-38    0.677477E-39    0.669923E-39
    0.540000E+01   -0.946963E+00   -0.317496E-42    0.217923E-42    0.532358E-43    0.527929E-43
    0.550000E+01   -0.934745E+00    0.652903E-33    0.163066E-33    0.417549E-34    0.467564E-34
    0.560000E+01   -0.923259E+00    0.945632E-37   -0.278411E-37   -0.516350E-38   -0.487601E-38
    0.570000E+01   -0.912453E+00    0.108448E-40   -0.627356E-41   -0.856627E-42   -0.824114E-42
    0.580000E+01   -0.902281E+00    0.185868E-44   -0.109049E-44   -0.149719E-45   -0.143104E-45
    0.590000E+01   -0.892695E+00    0.590855E-48   -0.155440E-48   -0.268733E-49   -0.253318E-49
    0.600000E+01   -0.883655E+00    0.898124E-52   -0.476291E-52   -0.577398E-53   -0.539797E-53
    0.610000E+01   -0.875121E+00    0.381708E-55   -0.151468E-55   -0.160553E-56   -0.148085E-56
    0.620000E+01   -0.867057E+00    0.237563E-58   -0.438323E-59   -0.504736E-60   -0.458783E-60
    0.630000E+01   -0.859428E+00    0.125723E-61   -0.274150E-62   -0.190286E-63   -0.170313E-63
    0.640000E+01   -0.852205E+00    0.343048E-65   -0.791987E-66   -0.823530E-67   -0.724568E-67
    0.650000E+01   -0.845359E+00    0.617156E-68   -0.759896E-69   -0.392129E-70   -0.338217E-70
    0.660000E+01   -0.838863E+00    0.323921E-71   -0.475592E-72   -0.214839E-73   -0.180764E-73
    0.670000E+01   -0.832692E+00    0.285392E-74   -0.398450E-75   -0.151503E-76   -0.123711E-76
    0.680000E+01   -0.826826E+00    0.293287E-77   -0.407750E-78   -0.113682E-79   -0.892815E-80
    0.690000E+01   -0.821242E+00    0.363053E-80   -0.464280E-81   -0.934658E-83   -0.697023E-83
    0.700000E+01   -0.815922E+00    0.439496E-83   -0.559974E-84   -0.109034E-85   -0.759846E-86
    0.710000E+01   -0.810850E+00    0.687303E-86   -0.842047E-87   -0.123738E-88   -0.770644E-89
    0.720000E+01   -0.806007E+00    0.113530E-88   -0.141780E-89   -0.144040E-91   -0.726088E-92
    0.730000E+01   -0.801381E+00    0.229897E-91   -0.272924E-92   -0.222368E-94   -0.695593E-95
    0.740000E+01   -0.796957E+00    0.513338E-94   -0.608435E-95   -0.252421E-97    0.554672E-98
    0.750000E+01   -0.792722E+00    0.639934E-97   -0.697078E-98   -0.269164-100    0.501111-100
    0.760000E+01   -0.788666E+00    0.163787E-99   -0.199542-100    0.764054-103    0.337337-102
    0.770000E+01   -0.784777E+00    0.452379-102   -0.789097-103    0.102130-104    0.200668-104
    0.780000E+01   -0.781045E+00    0.243378-104   -0.317169-105    0.638518-107    0.980227-107
    0.790000E+01   -0.777461E+00    0.539370-107   -0.948340-108    0.413555-109    0.554561-109
    0.800000E+01   -0.774018E+00    0.616861-109   -0.613592-110    0.318353-111    0.397128-111
    0.810000E+01   -0.770705E+00    0.558487-111   -0.729922-112    0.261774-113    0.309928-113
    0.820000E+01   -0.767517E+00    0.553723-113   -0.462902-114    0.254524-115    0.289344-115
    0.830000E+01   -0.764447E+00    0.728915-116   -0.193422-116    0.343473-117    0.374289-117
    0.840000E+01   -0.761488E+00    0.517853-117   -0.722709-118    0.453738-119    0.482217-119
    0.850000E+01   -0.758634E+00    0.309187-119   -0.522524-120    0.652368-121    0.674385-121
    0.860000E+01   -0.755880E+00    0.207276-120   -0.210038-121    0.796965-123    0.817164-123
    0.870000E+01   -0.753220E+00    0.726024-123   -0.110780-123    0.128049-124    0.127156-124
    0.880000E+01   -0.750651E+00    0.818557-125   -0.160190-125    0.305184-126    0.297325-126
    0.890000E+01   -0.748167E+00    0.763659-126   -0.746067-127    0.745214-128    0.718682-128
    0.900000E+01   -0.745763E+00    0.264956-128   -0.678620-129    0.197830-129    0.186625-129
    0.910000E+01   -0.743437E+00    0.709035-130   -0.189545-130    0.565368-131    0.525346-131
    0.920000E+01   -0.741185E+00    0.514805-131   -0.956848-132    0.190519-132    0.174602-132
    0.930000E+01   -0.739002E+00    0.813323-133   -0.236141-133    0.695588-134    0.628318-134
    0.940000E+01   -0.736887E+00    0.429655-133   -0.440435-134    0.317951-135    0.285844-135
    0.950000E+01   -0.734836E+00    0.201715-135   -0.570996-136    0.156897-136    0.137947-136
    0.960000E+01   -0.732845E+00    0.186589-136   -0.496853-137    0.117315-137    0.101790-137
    0.970000E+01   -0.730911E+00    0.718344-138   -0.304345-138    0.838026-139    0.717551-139
    0.980000E+01   -0.729035E+00    0.562018-139   -0.222869-139    0.598700-140    0.505988-140
    0.990000E+01   -0.727211E+00    0.473049-140   -0.173405-140    0.453010-141    0.377899-141
    0.100000E+02   -0.725438E+00    0.575504-141   -0.227281-141    0.523523-142    0.431096-142
