    0.000000E+00    0.134274E-01    0.260348E+00   -0.287895E+00   -0.168174E-02
    0.100000E+00    0.145771E-01    0.271125E+00   -0.300985E+00   -0.232280E-02
    0.200000E+00    0.158162E-01    0.281968E+00   -0.314365E+00   -0.302423E-02
    0.300000E+00    0.171502E-01    0.292830E+00   -0.328008E+00   -0.378974E-02
    0.400000E+00    0.185846E-01    0.303661E+00   -0.341886E+00   -0.462319E-02
    0.500000E+00    0.201250E-01    0.314408E+00   -0.355970E+00   -0.552861E-02
    0.600000E+00    0.217773E-01    0.325016E+00   -0.370228E+00   -0.651019E-02
    0.700000E+00    0.235472E-01    0.335425E+00   -0.384627E+00   -0.757227E-02
    0.800000E+00    0.254406E-01    0.345574E+00   -0.399135E+00   -0.871944E-02
    0.900000E+00    0.274634E-01    0.355399E+00   -0.413718E+00   -0.995645E-02
    0.100000E+01    0.296213E-01    0.364835E+00   -0.428341E+00   -0.112883E-01
    0.110000E+01    0.319198E-01    0.373814E+00   -0.442973E+00   -0.127202E-01
    0.120000E+01    0.343642E-01    0.382267E+00   -0.457579E+00   -0.142576E-01
    0.130000E+01    0.369593E-01    0.390124E+00   -0.472129E+00   -0.159062E-01
    0.140000E+01    0.397094E-01    0.397315E+00   -0.486592E+00   -0.176719E-01
    0.150000E+01    0.426177E-01    0.403767E+00   -0.500939E+00   -0.195608E-01
    0.160000E+01    0.456864E-01    0.409409E+00   -0.515143E+00   -0.215793E-01
    0.170000E+01    0.489164E-01    0.414166E+00   -0.529178E+00   -0.237338E-01
    0.180000E+01    0.523065E-01    0.417968E+00   -0.543022E+00   -0.260308E-01
    0.190000E+01    0.558532E-01    0.420743E+00   -0.556653E+00   -0.284766E-01
    0.200000E+01    0.595504E-01    0.422419E+00   -0.570051E+00   -0.310775E-01
    0.210000E+01    0.633881E-01    0.422928E+00   -0.583199E+00   -0.338392E-01
    0.220000E+01    0.673525E-01    0.422206E+00   -0.596083E+00   -0.367668E-01
    0.230000E+01    0.714249E-01    0.420190E+00   -0.608687E+00   -0.398646E-01
    0.240000E+01    0.755809E-01    0.416826E+00   -0.621000E+00   -0.431355E-01
    0.250000E+01    0.797900E-01    0.412069E+00   -0.633011E+00   -0.465806E-01
    0.260000E+01    0.840150E-01    0.405884E+00   -0.644710E+00   -0.501989E-01
    0.270000E+01    0.882117E-01    0.398248E+00   -0.656087E+00   -0.539867E-01
    0.280000E+01    0.923285E-01    0.389161E+00   -0.667133E+00   -0.579369E-01
    0.290000E+01    0.963075E-01    0.378638E+00   -0.677839E+00   -0.620387E-01
    0.300000E+01    0.100085E+00    0.366722E+00   -0.688197E+00   -0.662771E-01
    0.310000E+01    0.103592E+00    0.353483E+00   -0.698196E+00   -0.706320E-01
    0.320000E+01    0.106760E+00    0.339018E+00   -0.707828E+00   -0.750788E-01
    0.330000E+01    0.109520E+00    0.323456E+00   -0.717083E+00   -0.795878E-01
    0.340000E+01    0.111805E+00    0.306955E+00   -0.725952E+00   -0.841248E-01
    0.350000E+01    0.113559E+00    0.289699E+00   -0.734427E+00   -0.886516E-01
    0.360000E+01    0.114737E+00    0.271891E+00   -0.742502E+00   -0.931274E-01
    0.370000E+01    0.115305E+00    0.253753E+00   -0.750172E+00   -0.975094E-01
    0.380000E+01    0.115250E+00    0.235507E+00   -0.757436E+00   -0.101755E+00
    0.390000E+01    0.114574E+00    0.217377E+00   -0.764296E+00   -0.105824E+00
    0.400000E+01    0.113296E+00    0.199573E+00   -0.770760E+00   -0.109677E+00
    0.410000E+01    0.111455E+00    0.182284E+00   -0.776836E+00   -0.113283E+00
    0.420000E+01    0.109101E+00    0.165673E+00   -0.782538E+00   -0.116613E+00
    0.430000E+01    0.106295E+00    0.149873E+00   -0.787885E+00   -0.119648E+00
    0.440000E+01    0.103107E+00    0.134983E+00   -0.792894E+00   -0.122374E+00
    0.450000E+01    0.996080E-01    0.121072E+00   -0.797588E+00   -0.124784E+00
    0.460000E+01    0.958712E-01    0.108175E+00   -0.801989E+00   -0.126879E+00
    0.470000E+01    0.919660E-01    0.963019E-01   -0.806120E+00   -0.128664E+00
    0.480000E+01    0.879569E-01    0.854406E-01   -0.810003E+00   -0.130149E+00
    0.490000E+01    0.839020E-01    0.755592E-01   -0.813660E+00   -0.131350E+00
    0.500000E+01    0.798517E-01    0.666126E-01   -0.817110E+00   -0.132284E+00
    0.510000E+01    0.758486E-01    0.585461E-01   -0.820373E+00   -0.132972E+00
    0.520000E+01    0.719277E-01    0.512990E-01   -0.823466E+00   -0.133432E+00
    0.530000E+01    0.681166E-01    0.448077E-01   -0.826403E+00   -0.133688E+00
    0.540000E+01    0.644365E-01    0.390080E-01   -0.829199E+00   -0.133760E+00
    0.550000E+01    0.609023E-01    0.338370E-01   -0.831865E+00   -0.133669E+00
    0.560000E+01    0.575243E-01    0.292343E-01   -0.834413E+00   -0.133434E+00
    0.570000E+01    0.543085E-01    0.251432E-01   -0.836851E+00   -0.133075E+00
    0.580000E+01    0.512571E-01    0.215107E-01   -0.839187E+00   -0.132608E+00
    0.590000E+01    0.483700E-01    0.182881E-01   -0.841430E+00   -0.132049E+00
    0.600000E+01    0.456446E-01    0.154310E-01   -0.843585E+00   -0.131413E+00
    0.610000E+01    0.430767E-01    0.128992E-01   -0.845658E+00   -0.130712E+00
    0.620000E+01    0.406610E-01    0.106566E-01   -0.847653E+00   -0.129958E+00
    0.630000E+01    0.383912E-01    0.867056E-02   -0.849576E+00   -0.129161E+00
    0.640000E+01    0.362606E-01    0.691223E-02   -0.851431E+00   -0.128330E+00
    0.650000E+01    0.342621E-01    0.535579E-02   -0.853220E+00   -0.127473E+00
    0.660000E+01    0.323884E-01    0.397833E-02   -0.854947E+00   -0.126597E+00
    0.670000E+01    0.306325E-01    0.275952E-02   -0.856616E+00   -0.125709E+00
    0.680000E+01    0.289871E-01    0.168137E-02   -0.858228E+00   -0.124812E+00
    0.690000E+01    0.274454E-01    0.727972E-03   -0.859787E+00   -0.123913E+00
    0.700000E+01    0.260009E-01   -0.114766E-03   -0.861294E+00   -0.123013E+00
    0.710000E+01    0.246472E-01   -0.859283E-03   -0.862753E+00   -0.122118E+00
    0.720000E+01    0.233782E-01   -0.151658E-02   -0.864164E+00   -0.121229E+00
    0.730000E+01    0.221884E-01   -0.209638E-02   -0.865530E+00   -0.120348E+00
    0.740000E+01    0.210723E-01   -0.260729E-02   -0.866853E+00   -0.119478E+00
    0.750000E+01    0.200250E-01   -0.305691E-02   -0.868134E+00   -0.118620E+00
    0.760000E+01    0.190418E-01   -0.345197E-02   -0.869376E+00   -0.117776E+00
    0.770000E+01    0.181183E-01   -0.379845E-02   -0.870579E+00   -0.116945E+00
    0.780000E+01    0.172504E-01   -0.410162E-02   -0.871745E+00   -0.116130E+00
    0.790000E+01    0.164343E-01   -0.436618E-02   -0.872876E+00   -0.115330E+00
    0.800000E+01    0.156665E-01   -0.459628E-02   -0.873972E+00   -0.114547E+00
    0.810000E+01    0.149438E-01   -0.479563E-02   -0.875036E+00   -0.113780E+00
    0.820000E+01    0.142630E-01   -0.496750E-02   -0.876068E+00   -0.113029E+00
    0.830000E+01    0.136213E-01   -0.511483E-02   -0.877070E+00   -0.112295E+00
    0.840000E+01    0.130162E-01   -0.524023E-02   -0.878043E+00   -0.111577E+00
    0.850000E+01    0.124451E-01   -0.534600E-02   -0.878987E+00   -0.110876E+00
    0.860000E+01    0.119059E-01   -0.543424E-02   -0.879904E+00   -0.110191E+00
    0.870000E+01    0.113965E-01   -0.550678E-02   -0.880795E+00   -0.109523E+00
    0.880000E+01    0.109148E-01   -0.556529E-02   -0.881661E+00   -0.108870E+00
    0.890000E+01    0.104592E-01   -0.561123E-02   -0.882502E+00   -0.108233E+00
    0.900000E+01    0.100279E-01   -0.564595E-02   -0.883320E+00   -0.107612E+00
    0.910000E+01    0.961945E-02   -0.567062E-02   -0.884116E+00   -0.107005E+00
    0.920000E+01    0.923233E-02   -0.568630E-02   -0.884890E+00   -0.106413E+00
    0.930000E+01    0.886523E-02   -0.569396E-02   -0.885642E+00   -0.105836E+00
    0.940000E+01    0.851693E-02   -0.569445E-02   -0.886375E+00   -0.105272E+00
    0.950000E+01    0.818623E-02   -0.568855E-02   -0.887087E+00   -0.104723E+00
    0.960000E+01    0.787212E-02   -0.567694E-02   -0.887781E+00   -0.104187E+00
    0.970000E+01    0.757355E-02   -0.566025E-02   -0.888457E+00   -0.103664E+00
    0.980000E+01    0.728964E-02   -0.563903E-02   -0.889115E+00   -0.103153E+00
    0.990000E+01    0.701946E-02   -0.561381E-02   -0.889756E+00   -0.102655E+00
    0.100000E+02    0.676225E-02   -0.558502E-02   -0.890381E+00   -0.102169E+00
    0.101000E+02    0.651725E-02   -0.555309E-02   -0.890990E+00   -0.101694E+00
    0.102000E+02    0.628376E-02   -0.551838E-02   -0.891583E+00   -0.101231E+00
    0.103000E+02    0.606111E-02   -0.548122E-02   -0.892162E+00   -0.100779E+00
    0.104000E+02    0.584871E-02   -0.544193E-02   -0.892726E+00   -0.100338E+00
    0.105000E+02    0.564597E-02   -0.540076E-02   -0.893277E+00   -0.999062E-01
    0.106000E+02    0.545235E-02   -0.535797E-02   -0.893814E+00   -0.994855E-01
    0.107000E+02    0.526738E-02   -0.531378E-02   -0.894338E+00   -0.990748E-01
    0.108000E+02    0.509055E-02   -0.526838E-02   -0.894850E+00   -0.986730E-01
    0.109000E+02    0.492145E-02   -0.522197E-02   -0.895349E+00   -0.982804E-01
    0.110000E+02    0.475968E-02   -0.517470E-02   -0.895837E+00   -0.978971E-01
    0.111000E+02    0.460480E-02   -0.512672E-02   -0.896313E+00   -0.975219E-01
    0.112000E+02    0.445650E-02   -0.507816E-02   -0.896779E+00   -0.971561E-01
    0.113000E+02    0.431442E-02   -0.502915E-02   -0.897234E+00   -0.967978E-01
    0.114000E+02    0.417825E-02   -0.497979E-02   -0.897678E+00   -0.964472E-01
    0.115000E+02    0.404767E-02   -0.493018E-02   -0.898112E+00   -0.961053E-01
    0.116000E+02    0.392242E-02   -0.488041E-02   -0.898537E+00   -0.957713E-01
    0.117000E+02    0.380223E-02   -0.483055E-02   -0.898952E+00   -0.954425E-01
    0.118000E+02    0.368684E-02   -0.478069E-02   -0.899358E+00   -0.951219E-01
    0.119000E+02    0.357602E-02   -0.473088E-02   -0.899755E+00   -0.948091E-01
    0.120000E+02    0.346955E-02   -0.468118E-02   -0.900144E+00   -0.944998E-01
    0.121000E+02    0.336720E-02   -0.463164E-02   -0.900524E+00   -0.942010E-01
    0.122000E+02    0.326882E-02   -0.458231E-02   -0.900896E+00   -0.939059E-01
    0.123000E+02    0.317417E-02   -0.453324E-02   -0.901260E+00   -0.936184E-01
    0.124000E+02    0.308311E-02   -0.448444E-02   -0.901617E+00   -0.933360E-01
    0.125000E+02    0.299547E-02   -0.443598E-02   -0.901966E+00   -0.930602E-01
    0.126000E+02    0.291106E-02   -0.438785E-02   -0.902308E+00   -0.927887E-01
    0.127000E+02    0.282979E-02   -0.434011E-02   -0.902643E+00   -0.925241E-01
    0.128000E+02    0.275146E-02   -0.429276E-02   -0.902971E+00   -0.922634E-01
    0.129000E+02    0.267597E-02   -0.424582E-02   -0.903293E+00   -0.920086E-01
    0.130000E+02    0.260318E-02   -0.419933E-02   -0.903608E+00   -0.917581E-01
    0.131000E+02    0.253299E-02   -0.415328E-02   -0.903917E+00   -0.915138E-01
    0.132000E+02    0.246526E-02   -0.410769E-02   -0.904220E+00   -0.912730E-01
    0.133000E+02    0.239991E-02   -0.406258E-02   -0.904517E+00   -0.910376E-01
    0.134000E+02    0.233682E-02   -0.401795E-02   -0.904808E+00   -0.908066E-01
    0.135000E+02    0.227590E-02   -0.397382E-02   -0.905094E+00   -0.905797E-01
    0.136000E+02    0.221704E-02   -0.393018E-02   -0.905374E+00   -0.903567E-01
    0.137000E+02    0.216019E-02   -0.388704E-02   -0.905649E+00   -0.901385E-01
    0.138000E+02    0.210523E-02   -0.384440E-02   -0.905919E+00   -0.899239E-01
    0.139000E+02    0.205211E-02   -0.380228E-02   -0.906183E+00   -0.897135E-01
    0.140000E+02    0.200073E-02   -0.376067E-02   -0.906443E+00   -0.895065E-01
    0.141000E+02    0.195105E-02   -0.371957E-02   -0.906698E+00   -0.893043E-01
    0.142000E+02    0.190297E-02   -0.367898E-02   -0.906948E+00   -0.891047E-01
    0.143000E+02    0.185643E-02   -0.363890E-02   -0.907194E+00   -0.889088E-01
    0.144000E+02    0.181139E-02   -0.359933E-02   -0.907436E+00   -0.887168E-01
    0.145000E+02    0.176778E-02   -0.356027E-02   -0.907673E+00   -0.885280E-01
    0.146000E+02    0.172554E-02   -0.352172E-02   -0.907906E+00   -0.883425E-01
    0.147000E+02    0.168462E-02   -0.348367E-02   -0.908135E+00   -0.881604E-01
    0.148000E+02    0.164497E-02   -0.344619E-02   -0.908358E+00   -0.879810E-01
    0.149000E+02    0.160653E-02   -0.340906E-02   -0.908580E+00   -0.878048E-01
    0.150000E+02    0.156928E-02   -0.337250E-02   -0.908798E+00   -0.876319E-01
    0.151000E+02    0.153314E-02   -0.333643E-02   -0.909011E+00   -0.874615E-01
    0.152000E+02    0.149810E-02   -0.330085E-02   -0.909221E+00   -0.872944E-01
    0.153000E+02    0.146411E-02   -0.326574E-02   -0.909427E+00   -0.871296E-01
    0.154000E+02    0.143112E-02   -0.323111E-02   -0.909630E+00   -0.869677E-01
    0.155000E+02    0.139910E-02   -0.319694E-02   -0.909830E+00   -0.868086E-01
    0.156000E+02    0.136802E-02   -0.316324E-02   -0.910026E+00   -0.866515E-01
    0.157000E+02    0.133784E-02   -0.313001E-02   -0.910219E+00   -0.864980E-01
    0.158000E+02    0.130853E-02   -0.309722E-02   -0.910409E+00   -0.863459E-01
    0.159000E+02    0.128006E-02   -0.306489E-02   -0.910596E+00   -0.861969E-01
    0.160000E+02    0.125240E-02   -0.303299E-02   -0.910779E+00   -0.860501E-01
    0.161000E+02    0.122552E-02   -0.300154E-02   -0.910960E+00   -0.859050E-01
    0.162000E+02    0.119939E-02   -0.297051E-02   -0.911138E+00   -0.857628E-01
    0.163000E+02    0.117400E-02   -0.293991E-02   -0.911313E+00   -0.856230E-01
    0.164000E+02    0.114930E-02   -0.290974E-02   -0.911486E+00   -0.854849E-01
    0.165000E+02    0.112528E-02   -0.287997E-02   -0.911656E+00   -0.853488E-01
    0.166000E+02    0.110192E-02   -0.285062E-02   -0.911823E+00   -0.852150E-01
    0.167000E+02    0.107919E-02   -0.282167E-02   -0.911987E+00   -0.850832E-01
    0.168000E+02    0.105707E-02   -0.279311E-02   -0.912149E+00   -0.849530E-01
    0.169000E+02    0.103555E-02   -0.276495E-02   -0.912309E+00   -0.848255E-01
    0.170000E+02    0.101459E-02   -0.273717E-02   -0.912466E+00   -0.846992E-01
    0.171000E+02    0.994193E-03   -0.270977E-02   -0.912621E+00   -0.845751E-01
    0.172000E+02    0.974329E-03   -0.268275E-02   -0.912774E+00   -0.844528E-01
    0.173000E+02    0.954983E-03   -0.265610E-02   -0.912924E+00   -0.843323E-01
    0.174000E+02    0.936136E-03   -0.262981E-02   -0.913072E+00   -0.842132E-01
    0.175000E+02    0.917775E-03   -0.260388E-02   -0.913218E+00   -0.840958E-01
    0.176000E+02    0.899887E-03   -0.257830E-02   -0.913362E+00   -0.839806E-01
    0.177000E+02    0.882451E-03   -0.255307E-02   -0.913504E+00   -0.838666E-01
    0.178000E+02    0.865453E-03   -0.252817E-02   -0.913644E+00   -0.837538E-01
    0.179000E+02    0.848886E-03   -0.250362E-02   -0.913781E+00   -0.836432E-01
    0.180000E+02    0.832733E-03   -0.247940E-02   -0.913917E+00   -0.835342E-01
    0.181000E+02    0.816979E-03   -0.245550E-02   -0.914051E+00   -0.834263E-01
    0.182000E+02    0.801613E-03   -0.243193E-02   -0.914183E+00   -0.833198E-01
    0.183000E+02    0.786626E-03   -0.240867E-02   -0.914314E+00   -0.832153E-01
    0.184000E+02    0.772002E-03   -0.238572E-02   -0.914442E+00   -0.831116E-01
    0.185000E+02    0.757733E-03   -0.236308E-02   -0.914569E+00   -0.830095E-01
    0.186000E+02    0.743809E-03   -0.234074E-02   -0.914694E+00   -0.829089E-01
    0.187000E+02    0.730217E-03   -0.231870E-02   -0.914817E+00   -0.828094E-01
    0.188000E+02    0.716950E-03   -0.229695E-02   -0.914939E+00   -0.827114E-01
    0.189000E+02    0.703996E-03   -0.227549E-02   -0.915059E+00   -0.826146E-01
    0.190000E+02    0.691347E-03   -0.225430E-02   -0.915177E+00   -0.825190E-01
    0.191000E+02    0.678994E-03   -0.223341E-02   -0.915294E+00   -0.824247E-01
    0.192000E+02    0.666929E-03   -0.221278E-02   -0.915409E+00   -0.823317E-01
    0.193000E+02    0.655143E-03   -0.219242E-02   -0.915523E+00   -0.822398E-01
    0.194000E+02    0.643628E-03   -0.217233E-02   -0.915635E+00   -0.821489E-01
    0.195000E+02    0.632377E-03   -0.215250E-02   -0.915746E+00   -0.820594E-01
    0.196000E+02    0.621382E-03   -0.213293E-02   -0.915855E+00   -0.819710E-01
    0.197000E+02    0.610635E-03   -0.211361E-02   -0.915963E+00   -0.818835E-01
    0.198000E+02    0.600131E-03   -0.209454E-02   -0.916070E+00   -0.817973E-01
    0.199000E+02    0.589862E-03   -0.207571E-02   -0.916175E+00   -0.817121E-01
    0.200000E+02    0.579821E-03   -0.205713E-02   -0.916279E+00   -0.816279E-01
