    0.000000E+00   -0.324239E+01    0.134273E-01    0.260348E+00   -0.287895E+00   -0.168175E-02
    0.100000E+00   -0.317343E+01    0.145938E-01    0.271471E+00   -0.301382E+00   -0.234777E-02
    0.200000E+00   -0.310485E+01    0.158915E-01    0.283419E+00   -0.316026E+00   -0.313129E-02
    0.300000E+00   -0.303669E+01    0.173359E-01    0.296233E+00   -0.331930E+00   -0.405054E-02
    0.400000E+00   -0.296900E+01    0.189431E-01    0.309935E+00   -0.349191E+00   -0.512531E-02
    0.500000E+00   -0.290184E+01    0.207290E-01    0.324512E+00   -0.367887E+00   -0.637634E-02
    0.600000E+00   -0.283526E+01    0.227083E-01    0.339908E+00   -0.388062E+00   -0.782416E-02
    0.700000E+00   -0.276936E+01    0.248922E-01    0.355999E+00   -0.409710E+00   -0.948733E-02
    0.800000E+00   -0.270419E+01    0.272867E-01    0.372579E+00   -0.432747E+00   -0.113802E-01
    0.900000E+00   -0.263986E+01    0.298901E-01    0.389348E+00   -0.456997E+00   -0.135101E-01
    0.100000E+01   -0.257644E+01    0.326911E-01    0.405913E+00   -0.482180E+00   -0.158755E-01
    0.110000E+01   -0.251402E+01    0.356682E-01    0.421808E+00   -0.507920E+00   -0.184645E-01
    0.120000E+01   -0.245268E+01    0.387909E-01    0.436537E+00   -0.533778E+00   -0.212557E-01
    0.130000E+01   -0.239247E+01    0.420223E-01    0.449622E+00   -0.559296E+00   -0.242206E-01
    0.140000E+01   -0.233345E+01    0.453229E-01    0.460657E+00   -0.584047E+00   -0.273278E-01
    0.150000E+01   -0.227565E+01    0.486543E-01    0.469340E+00   -0.607683E+00   -0.305465E-01
    0.160000E+01   -0.221909E+01    0.519817E-01    0.475484E+00   -0.629954E+00   -0.338496E-01
    0.170000E+01   -0.216376E+01    0.552746E-01    0.479013E+00   -0.650713E+00   -0.372150E-01
    0.180000E+01   -0.210965E+01    0.585068E-01    0.479937E+00   -0.669904E+00   -0.406255E-01
    0.190000E+01   -0.205676E+01    0.616554E-01    0.478331E+00   -0.687542E+00   -0.440683E-01
    0.200000E+01   -0.200506E+01    0.646995E-01    0.474311E+00   -0.703695E+00   -0.475331E-01
    0.210000E+01   -0.195452E+01    0.676189E-01    0.468016E+00   -0.718462E+00   -0.510106E-01
    0.220000E+01   -0.190511E+01    0.703933E-01    0.459599E+00   -0.731960E+00   -0.544915E-01
    0.230000E+01   -0.185682E+01    0.730015E-01    0.449213E+00   -0.744315E+00   -0.579650E-01
    0.240000E+01   -0.180961E+01    0.754212E-01    0.437013E+00   -0.755650E+00   -0.614175E-01
    0.250000E+01   -0.176346E+01    0.776288E-01    0.423150E+00   -0.766085E+00   -0.648321E-01
    0.260000E+01   -0.171836E+01    0.796000E-01    0.407776E+00   -0.775731E+00   -0.681876E-01
    0.270000E+01   -0.167429E+01    0.813095E-01    0.391038E+00   -0.784689E+00   -0.714576E-01
    0.280000E+01   -0.163123E+01    0.827323E-01    0.373084E+00   -0.793046E+00   -0.746105E-01
    0.290000E+01   -0.158917E+01    0.838439E-01    0.354065E+00   -0.800881E+00   -0.776089E-01
    0.300000E+01   -0.154812E+01    0.846211E-01    0.334133E+00   -0.808259E+00   -0.804097E-01
    0.310000E+01   -0.150807E+01    0.850430E-01    0.313448E+00   -0.815237E+00   -0.829645E-01
    0.320000E+01   -0.146905E+01    0.850922E-01    0.292173E+00   -0.821863E+00   -0.852205E-01
    0.330000E+01   -0.143106E+01    0.847551E-01    0.270483E+00   -0.828179E+00   -0.871222E-01
    0.340000E+01   -0.139414E+01    0.840235E-01    0.248561E+00   -0.834222E+00   -0.886138E-01
    0.350000E+01   -0.135834E+01    0.828954E-01    0.226601E+00   -0.840030E+00   -0.896429E-01
    0.360000E+01   -0.132370E+01    0.813759E-01    0.204808E+00   -0.845638E+00   -0.901646E-01
    0.370000E+01   -0.129028E+01    0.794780E-01    0.183400E+00   -0.851082E+00   -0.901468E-01
    0.380000E+01   -0.125816E+01    0.772230E-01    0.162597E+00   -0.856398E+00   -0.895759E-01
    0.390000E+01   -0.122740E+01    0.746412E-01    0.142624E+00   -0.861614E+00   -0.884617E-01
    0.400000E+01   -0.119806E+01    0.717709E-01    0.123693E+00   -0.866753E+00   -0.868407E-01
    0.410000E+01   -0.117019E+01    0.686580E-01    0.105998E+00   -0.871822E+00   -0.847765E-01
    0.420000E+01   -0.114383E+01    0.653547E-01    0.896946E-01   -0.876815E+00   -0.823553E-01
    0.430000E+01   -0.111898E+01    0.619171E-01    0.748915E-01   -0.881709E+00   -0.796780E-01
    0.440000E+01   -0.109563E+01    0.584030E-01    0.616416E-01   -0.886474E+00   -0.768498E-01
    0.450000E+01   -0.107373E+01    0.548689E-01    0.499408E-01   -0.891071E+00   -0.739691E-01
    0.460000E+01   -0.105322E+01    0.513669E-01    0.397339E-01   -0.895466E+00   -0.711197E-01
    0.470000E+01   -0.103404E+01    0.479427E-01    0.309263E-01   -0.899629E+00   -0.683664E-01
    0.480000E+01   -0.101610E+01    0.446342E-01    0.233969E-01   -0.903542E+00   -0.657542E-01
    0.490000E+01   -0.999319E+00    0.414706E-01    0.170111E-01   -0.907194E+00   -0.633107E-01
    0.500000E+01   -0.983626E+00    0.384725E-01    0.116315E-01   -0.910585E+00   -0.610491E-01
    0.510000E+01   -0.968939E+00    0.356530E-01    0.712555E-02   -0.913720E+00   -0.589721E-01
    0.520000E+01   -0.955185E+00    0.330184E-01    0.337007E-02   -0.916612E+00   -0.570752E-01
    0.530000E+01   -0.942294E+00    0.305698E-01    0.254202E-03   -0.919274E+00   -0.553492E-01
    0.540000E+01   -0.930204E+00    0.283040E-01   -0.231991E-02   -0.921723E+00   -0.537825E-01
    0.550000E+01   -0.918853E+00    0.262148E-01   -0.443725E-02   -0.923976E+00   -0.523622E-01
    0.560000E+01   -0.908186E+00    0.242938E-01   -0.617081E-02   -0.926049E+00   -0.510754E-01
    0.570000E+01   -0.898152E+00    0.225314E-01   -0.758268E-02   -0.927958E+00   -0.499093E-01
    0.580000E+01   -0.888703E+00    0.209170E-01   -0.872543E-02   -0.929719E+00   -0.488521E-01
    0.590000E+01   -0.879796E+00    0.194400E-01   -0.964328E-02   -0.931345E+00   -0.478928E-01
    0.600000E+01   -0.871390E+00    0.180897E-01   -0.103734E-01   -0.932849E+00   -0.470212E-01
    0.610000E+01   -0.863450E+00    0.168558E-01   -0.109469E-01   -0.934242E+00   -0.462282E-01
    0.620000E+01   -0.855940E+00    0.157284E-01   -0.113897E-01   -0.935536E+00   -0.455058E-01
    0.630000E+01   -0.848829E+00    0.146981E-01   -0.117237E-01   -0.936739E+00   -0.448466E-01
    0.640000E+01   -0.842090E+00    0.137564E-01   -0.119669E-01   -0.937860E+00   -0.442442E-01
    0.650000E+01   -0.835695E+00    0.128952E-01   -0.121347E-01   -0.938906E+00   -0.436927E-01
    0.660000E+01   -0.829622E+00    0.121070E-01   -0.122396E-01   -0.939884E+00   -0.431870E-01
    0.670000E+01   -0.823846E+00    0.113852E-01   -0.122924E-01   -0.940800E+00   -0.427226E-01
    0.680000E+01   -0.818349E+00    0.107236E-01   -0.123018E-01   -0.941659E+00   -0.422953E-01
    0.690000E+01   -0.813112E+00    0.101166E-01   -0.122754E-01   -0.942467E+00   -0.419017E-01
    0.700000E+01   -0.808117E+00    0.955905E-02   -0.122195E-01   -0.943228E+00   -0.415385E-01
    0.710000E+01   -0.803349E+00    0.904646E-02   -0.121391E-01   -0.943945E+00   -0.412027E-01
    0.720000E+01   -0.798793E+00    0.857465E-02   -0.120389E-01   -0.944622E+00   -0.408920E-01
    0.730000E+01   -0.794435E+00    0.813986E-02   -0.119224E-01   -0.945262E+00   -0.406039E-01
    0.740000E+01   -0.790264E+00    0.773870E-02   -0.117928E-01   -0.945868E+00   -0.403365E-01
    0.750000E+01   -0.786268E+00    0.736813E-02   -0.116528E-01   -0.946443E+00   -0.400880E-01
    0.760000E+01   -0.782436E+00    0.702564E-02   -0.115044E-01   -0.946989E+00   -0.398566E-01
    0.770000E+01   -0.778753E+00    0.653126E-02   -0.113607E-01   -0.947509E+00   -0.396407E-01
    0.780000E+01   -0.775227E+00    0.641422E-02   -0.111901E-01   -0.948000E+00   -0.394398E-01
    0.790000E+01   -0.771828E+00    0.584680E-02   -0.110438E-01   -0.948473E+00   -0.392516E-01
    0.800000E+01   -0.768559E+00    0.565201E-02   -0.108742E-01   -0.948921E+00   -0.390756E-01
    0.810000E+01   -0.765416E+00    0.551322E-02   -0.107015E-01   -0.949348E+00   -0.389109E-01
    0.820000E+01   -0.762397E+00    0.543100E-02   -0.105267E-01   -0.949755E+00   -0.387569E-01
    0.830000E+01   -0.759476E+00    0.492569E-02   -0.103734E-01   -0.950148E+00   -0.386118E-01
    0.840000E+01   -0.756658E+00    0.473658E-02   -0.102054E-01   -0.950522E+00   -0.384756E-01
    0.850000E+01   -0.753940E+00    0.456561E-02   -0.100382E-01   -0.950880E+00   -0.383476E-01
    0.860000E+01   -0.751314E+00    0.440811E-02   -0.987230E-02   -0.951224E+00   -0.382270E-01
    0.870000E+01   -0.748778E+00    0.426225E-02   -0.970809E-02   -0.951553E+00   -0.381135E-01
    0.880000E+01   -0.746326E+00    0.412603E-02   -0.954584E-02   -0.951870E+00   -0.380064E-01
    0.890000E+01   -0.743954E+00    0.399899E-02   -0.938577E-02   -0.952174E+00   -0.379053E-01
    0.900000E+01   -0.741659E+00    0.388080E-02   -0.922802E-02   -0.952466E+00   -0.378098E-01
    0.910000E+01   -0.739434E+00    0.376982E-02   -0.907274E-02   -0.952747E+00   -0.377195E-01
    0.920000E+01   -0.737281E+00    0.366707E-02   -0.892000E-02   -0.953018E+00   -0.376341E-01
    0.930000E+01   -0.735191E+00    0.357137E-02   -0.876987E-02   -0.953279E+00   -0.375532E-01
    0.940000E+01   -0.733166E+00    0.348398E-02   -0.862238E-02   -0.953531E+00   -0.374765E-01
    0.950000E+01   -0.731201E+00    0.340433E-02   -0.847757E-02   -0.953773E+00   -0.374038E-01
    0.960000E+01   -0.729293E+00    0.333309E-02   -0.833542E-02   -0.954007E+00   -0.373348E-01
    0.970000E+01   -0.727440E+00    0.327133E-02   -0.819591E-02   -0.954233E+00   -0.372692E-01
    0.980000E+01   -0.725641E+00    0.322068E-02   -0.805899E-02   -0.954451E+00   -0.372069E-01
    0.990000E+01   -0.723895E+00    0.318295E-02   -0.792463E-02   -0.954662E+00   -0.371477E-01
    0.100000E+02   -0.722218E+00    0.335165E-02   -0.778775E-02   -0.954864E+00   -0.370915E-01
