    0.000000E+00   -0.324239E+01    0.134273E-01    0.260348E+00   -0.287895E+00   -0.168175E-02
    0.100000E+00   -0.317343E+01    0.145938E-01    0.271470E+00   -0.301382E+00   -0.234775E-02
    0.200000E+00   -0.310485E+01    0.158915E-01    0.283417E+00   -0.316025E+00   -0.313125E-02
    0.300000E+00   -0.303669E+01    0.173358E-01    0.296230E+00   -0.331929E+00   -0.405046E-02
    0.400000E+00   -0.296900E+01    0.189429E-01    0.309929E+00   -0.349188E+00   -0.512518E-02
    0.500000E+00   -0.290184E+01    0.207286E-01    0.324504E+00   -0.367883E+00   -0.637614E-02
    0.600000E+00   -0.283526E+01    0.227077E-01    0.339897E+00   -0.388057E+00   -0.782386E-02
    0.700000E+00   -0.276936E+01    0.248913E-01    0.355984E+00   -0.409703E+00   -0.948692E-02
    0.800000E+00   -0.270419E+01    0.272854E-01    0.372558E+00   -0.432737E+00   -0.113796E-01
    0.900000E+00   -0.263986E+01    0.298882E-01    0.389320E+00   -0.456984E+00   -0.135093E-01
    0.100000E+01   -0.257644E+01    0.326883E-01    0.405874E+00   -0.482163E+00   -0.158744E-01
    0.110000E+01   -0.251402E+01    0.356641E-01    0.421753E+00   -0.507898E+00   -0.184630E-01
    0.120000E+01   -0.245268E+01    0.387846E-01    0.436456E+00   -0.533747E+00   -0.212535E-01
    0.130000E+01   -0.239247E+01    0.420122E-01    0.449502E+00   -0.559251E+00   -0.242173E-01
    0.140000E+01   -0.233345E+01    0.453067E-01    0.460476E+00   -0.583983E+00   -0.273228E-01
    0.150000E+01   -0.227565E+01    0.486282E-01    0.469065E+00   -0.607590E+00   -0.305390E-01
    0.160000E+01   -0.221908E+01    0.519397E-01    0.475069E+00   -0.629821E+00   -0.338382E-01
    0.170000E+01   -0.216375E+01    0.552081E-01    0.478396E+00   -0.650524E+00   -0.371981E-01
    0.180000E+01   -0.210965E+01    0.584036E-01    0.479037E+00   -0.669641E+00   -0.406011E-01
    0.190000E+01   -0.205676E+01    0.614987E-01    0.477049E+00   -0.687184E+00   -0.440337E-01
    0.200000E+01   -0.200505E+01    0.644670E-01    0.472525E+00   -0.703218E+00   -0.474850E-01
    0.210000E+01   -0.195451E+01    0.672814E-01    0.465585E+00   -0.717840E+00   -0.509453E-01
    0.220000E+01   -0.190509E+01    0.699136E-01    0.456360E+00   -0.731167E+00   -0.544048E-01
    0.230000E+01   -0.185679E+01    0.723330E-01    0.444985E+00   -0.743322E+00   -0.578522E-01
    0.240000E+01   -0.180957E+01    0.745072E-01    0.431600E+00   -0.754433E+00   -0.612738E-01
    0.250000E+01   -0.176342E+01    0.764012E-01    0.416350E+00   -0.764619E+00   -0.646524E-01
    0.260000E+01   -0.171830E+01    0.779790E-01    0.399384E+00   -0.773998E+00   -0.679671E-01
    0.270000E+01   -0.167420E+01    0.792039E-01    0.380859E+00   -0.782674E+00   -0.711920E-01
    0.280000E+01   -0.163112E+01    0.800401E-01    0.360947E+00   -0.790744E+00   -0.742967E-01
    0.290000E+01   -0.158903E+01    0.804541E-01    0.339833E+00   -0.798296E+00   -0.772451E-01
    0.300000E+01   -0.154795E+01    0.804171E-01    0.317723E+00   -0.805406E+00   -0.799961E-01
    0.310000E+01   -0.150787E+01    0.799061E-01    0.294839E+00   -0.812145E+00   -0.825037E-01
    0.320000E+01   -0.146882E+01    0.789063E-01    0.271425E+00   -0.818572E+00   -0.847178E-01
    0.330000E+01   -0.143081E+01    0.774127E-01    0.247742E+00   -0.824743E+00   -0.865855E-01
    0.340000E+01   -0.139387E+01    0.754314E-01    0.224067E+00   -0.830709E+00   -0.880538E-01
    0.350000E+01   -0.135807E+01    0.729810E-01    0.200684E+00   -0.836513E+00   -0.890722E-01
    0.360000E+01   -0.132344E+01    0.700923E-01    0.177880E+00   -0.842198E+00   -0.895970E-01
    0.370000E+01   -0.129005E+01    0.668089E-01    0.155932E+00   -0.847800E+00   -0.895964E-01
    0.380000E+01   -0.125797E+01    0.631864E-01    0.135101E+00   -0.853347E+00   -0.890559E-01
    0.390000E+01   -0.122727E+01    0.592906E-01    0.115612E+00   -0.858856E+00   -0.879832E-01
    0.400000E+01   -0.119799E+01    0.551959E-01    0.976501E-01   -0.864332E+00   -0.864121E-01
    0.410000E+01   -0.117019E+01    0.509819E-01    0.813394E-01   -0.869763E+00   -0.844026E-01
    0.420000E+01   -0.114389E+01    0.467305E-01    0.667434E-01   -0.875119E+00   -0.820376E-01
    0.430000E+01   -0.111909E+01    0.425211E-01    0.538613E-01   -0.880360E+00   -0.794148E-01
    0.440000E+01   -0.109577E+01    0.384273E-01    0.426351E-01   -0.885439E+00   -0.766368E-01
    0.450000E+01   -0.107390E+01    0.345123E-01    0.329619E-01   -0.890309E+00   -0.738003E-01
    0.460000E+01   -0.105340E+01    0.308265E-01    0.247084E-01   -0.894931E+00   -0.709884E-01
    0.470000E+01   -0.103421E+01    0.274059E-01    0.177257E-01   -0.899278E+00   -0.682658E-01
    0.480000E+01   -0.101626E+01    0.242715E-01    0.118611E-01   -0.903333E+00   -0.656781E-01
    0.490000E+01   -0.999469E+00    0.214313E-01    0.696691E-02   -0.907092E+00   -0.632536E-01
    0.500000E+01   -0.983758E+00    0.188818E-01    0.290583E-02   -0.910561E+00   -0.610066E-01
    0.510000E+01   -0.969053E+00    0.166113E-01   -0.446157E-03   -0.913752E+00   -0.589406E-01
    0.520000E+01   -0.955281E+00    0.146017E-01   -0.319867E-02   -0.916681E+00   -0.570519E-01
    0.530000E+01   -0.942375E+00    0.128318E-01   -0.544706E-02   -0.919367E+00   -0.553320E-01
    0.540000E+01   -0.930270E+00    0.112787E-01   -0.727330E-02   -0.921830E+00   -0.537698E-01
    0.550000E+01   -0.918907E+00    0.991917E-02   -0.874712E-02   -0.924090E+00   -0.523528E-01
    0.560000E+01   -0.908230E+00    0.873101E-02   -0.992748E-02   -0.926165E+00   -0.510684E-01
    0.570000E+01   -0.898187E+00    0.769343E-02   -0.108639E-01   -0.928073E+00   -0.499042E-01
    0.580000E+01   -0.888731E+00    0.678746E-02   -0.115979E-01   -0.929830E+00   -0.488483E-01
    0.590000E+01   -0.879819E+00    0.599607E-02   -0.121640E-01   -0.931451E+00   -0.478899E-01
    0.600000E+01   -0.871408E+00    0.530416E-02   -0.125911E-01   -0.932950E+00   -0.470190E-01
    0.610000E+01   -0.863464E+00    0.469849E-02   -0.129031E-01   -0.934337E+00   -0.462265E-01
    0.620000E+01   -0.855951E+00    0.416753E-02   -0.131200E-01   -0.935625E+00   -0.455045E-01
    0.630000E+01   -0.848838E+00    0.370126E-02   -0.132582E-01   -0.936822E+00   -0.448456E-01
    0.640000E+01   -0.842096E+00    0.329104E-02   -0.133317E-01   -0.937937E+00   -0.442434E-01
    0.650000E+01   -0.835700E+00    0.292941E-02   -0.133518E-01   -0.938978E+00   -0.436920E-01
    0.660000E+01   -0.829625E+00    0.260997E-02   -0.133281E-01   -0.939951E+00   -0.431864E-01
    0.670000E+01   -0.823849E+00    0.232719E-02   -0.132684E-01   -0.940862E+00   -0.427221E-01
    0.680000E+01   -0.818351E+00    0.207635E-02   -0.131794E-01   -0.941717E+00   -0.422949E-01
    0.690000E+01   -0.813113E+00    0.185334E-02   -0.130666E-01   -0.942521E+00   -0.419013E-01
    0.700000E+01   -0.808118E+00    0.165465E-02   -0.129345E-01   -0.943278E+00   -0.415381E-01
    0.710000E+01   -0.803349E+00    0.147725E-02   -0.127871E-01   -0.943992E+00   -0.412024E-01
    0.720000E+01   -0.798793E+00    0.131850E-02   -0.126276E-01   -0.944666E+00   -0.408917E-01
    0.730000E+01   -0.794435E+00    0.117608E-02   -0.124585E-01   -0.945303E+00   -0.406036E-01
    0.740000E+01   -0.790264E+00    0.104838E-02   -0.122822E-01   -0.945907E+00   -0.403362E-01
    0.750000E+01   -0.786262E+00    0.863569E-03   -0.121053E-01   -0.946480E+00   -0.400873E-01
    0.760000E+01   -0.782427E+00    0.768365E-03   -0.119189E-01   -0.947023E+00   -0.398558E-01
    0.770000E+01   -0.778746E+00    0.685450E-03   -0.117301E-01   -0.947540E+00   -0.396401E-01
    0.780000E+01   -0.775214E+00    0.613770E-03   -0.115397E-01   -0.948031E+00   -0.394390E-01
    0.790000E+01   -0.771822E+00    0.552439E-03   -0.113489E-01   -0.948499E+00   -0.392511E-01
    0.800000E+01   -0.768566E+00    0.501829E-03   -0.111583E-01   -0.948945E+00   -0.390756E-01
    0.810000E+01   -0.765402E+00    0.405874E-03   -0.109709E-01   -0.949372E+00   -0.389103E-01
    0.820000E+01   -0.762374E+00    0.354674E-03   -0.107831E-01   -0.949780E+00   -0.387560E-01
    0.830000E+01   -0.759456E+00    0.308574E-03   -0.105971E-01   -0.950169E+00   -0.386111E-01
    0.840000E+01   -0.756642E+00    0.267311E-03   -0.104133E-01   -0.950542E+00   -0.384750E-01
    0.850000E+01   -0.753930E+00    0.230757E-03   -0.102319E-01   -0.950899E+00   -0.383471E-01
    0.860000E+01   -0.751311E+00    0.198685E-03   -0.100532E-01   -0.951241E+00   -0.382267E-01
    0.870000E+01   -0.748789E+00    0.171344E-03   -0.987732E-02   -0.951570E+00   -0.381135E-01
    0.880000E+01   -0.746314E+00    0.124046E-03   -0.970505E-02   -0.951886E+00   -0.380059E-01
    0.890000E+01   -0.743945E+00    0.974105E-04   -0.953531E-02   -0.952189E+00   -0.379049E-01
    0.900000E+01   -0.741655E+00    0.734305E-04   -0.936871E-02   -0.952481E+00   -0.378095E-01
    0.910000E+01   -0.739437E+00    0.520177E-04   -0.920530E-02   -0.952761E+00   -0.377193E-01
    0.920000E+01   -0.737296E+00    0.332289E-04   -0.904513E-02   -0.953031E+00   -0.376341E-01
    0.930000E+01   -0.735181E+00    0.419027E-05   -0.888837E-02   -0.953292E+00   -0.375528E-01
    0.940000E+01   -0.733156E+00   -0.137772E-04   -0.873466E-02   -0.953543E+00   -0.374761E-01
    0.950000E+01   -0.731191E+00   -0.302646E-04   -0.858417E-02   -0.953785E+00   -0.374034E-01
    0.960000E+01   -0.729286E+00   -0.453861E-04   -0.843686E-02   -0.954019E+00   -0.373344E-01
    0.970000E+01   -0.727435E+00   -0.592669E-04   -0.829272E-02   -0.954244E+00   -0.372689E-01
    0.980000E+01   -0.725641E+00   -0.719869E-04   -0.815169E-02   -0.954462E+00   -0.372066E-01
    0.990000E+01   -0.723896E+00   -0.836304E-04   -0.801373E-02   -0.954672E+00   -0.371474E-01
    0.100000E+02   -0.722231E+00   -0.878977E-04   -0.787875E-02   -0.954875E+00   -0.370913E-01
