    0.000000E+00   -0.324239E+01    0.134273E-01    0.260348E+00   -0.287895E+00   -0.168175E-02
    0.100000E+00   -0.317367E+01    0.145809E-01    0.271209E+00   -0.301088E+00   -0.232958E-02
    0.200000E+00   -0.310573E+01    0.158393E-01    0.282401E+00   -0.314869E+00   -0.305700E-02
    0.300000E+00   -0.303851E+01    0.172161E-01    0.293992E+00   -0.329354E+00   -0.387871E-02
    0.400000E+00   -0.297198E+01    0.187250E-01    0.306027E+00   -0.344640E+00   -0.481013E-02
    0.500000E+00   -0.290614E+01    0.203804E-01    0.318529E+00   -0.360813E+00   -0.586769E-02
    0.600000E+00   -0.284099E+01    0.221962E-01    0.331500E+00   -0.377946E+00   -0.706882E-02
    0.700000E+00   -0.277652E+01    0.241861E-01    0.344913E+00   -0.396096E+00   -0.843169E-02
    0.800000E+00   -0.271276E+01    0.263622E-01    0.358703E+00   -0.415294E+00   -0.997455E-02
    0.900000E+00   -0.264973E+01    0.287339E-01    0.372763E+00   -0.435539E+00   -0.117148E-01
    0.100000E+01   -0.258747E+01    0.313064E-01    0.386930E+00   -0.456785E+00   -0.136676E-01
    0.110000E+01   -0.252601E+01    0.340789E-01    0.400981E+00   -0.478934E+00   -0.158442E-01
    0.120000E+01   -0.246539E+01    0.370427E-01    0.414627E+00   -0.501819E+00   -0.182501E-01
    0.130000E+01   -0.240567E+01    0.401801E-01    0.427524E+00   -0.525213E+00   -0.208832E-01
    0.140000E+01   -0.234689E+01    0.434635E-01    0.439289E+00   -0.548825E+00   -0.237331E-01
    0.150000E+01   -0.228910E+01    0.468566E-01    0.449526E+00   -0.572326E+00   -0.267806E-01
    0.160000E+01   -0.223236E+01    0.503164E-01    0.457870E+00   -0.595374E+00   -0.299996E-01
    0.170000E+01   -0.217671E+01    0.537960E-01    0.464016E+00   -0.617643E+00   -0.333587E-01
    0.180000E+01   -0.212220E+01    0.572486E-01    0.467754E+00   -0.638857E+00   -0.368244E-01
    0.190000E+01   -0.206886E+01    0.606300E-01    0.468978E+00   -0.658808E+00   -0.403632E-01
    0.200000E+01   -0.201670E+01    0.639012E-01    0.467687E+00   -0.677364E+00   -0.439433E-01
    0.210000E+01   -0.196576E+01    0.670288E-01    0.463966E+00   -0.694465E+00   -0.475356E-01
    0.220000E+01   -0.191604E+01    0.699853E-01    0.457971E+00   -0.710116E+00   -0.511134E-01
    0.230000E+01   -0.186754E+01    0.727490E-01    0.449901E+00   -0.724366E+00   -0.546519E-01
    0.240000E+01   -0.182026E+01    0.753027E-01    0.439985E+00   -0.737301E+00   -0.581273E-01
    0.250000E+01   -0.177419E+01    0.776340E-01    0.428461E+00   -0.749026E+00   -0.615160E-01
    0.260000E+01   -0.172934E+01    0.797344E-01    0.415569E+00   -0.759655E+00   -0.647941E-01
    0.270000E+01   -0.168568E+01    0.815994E-01    0.401544E+00   -0.769308E+00   -0.679369E-01
    0.280000E+01   -0.164321E+01    0.832283E-01    0.386603E+00   -0.778104E+00   -0.709186E-01
    0.290000E+01   -0.160192E+01    0.846252E-01    0.370957E+00   -0.786159E+00   -0.737129E-01
    0.300000E+01   -0.156180E+01    0.857902E-01    0.354765E+00   -0.793577E+00   -0.762912E-01
    0.310000E+01   -0.152284E+01    0.867366E-01    0.338210E+00   -0.800466E+00   -0.786264E-01
    0.320000E+01   -0.148503E+01    0.874719E-01    0.321422E+00   -0.806920E+00   -0.806896E-01
    0.330000E+01   -0.144836E+01    0.880057E-01    0.304516E+00   -0.813032E+00   -0.824523E-01
    0.340000E+01   -0.141284E+01    0.883468E-01    0.287586E+00   -0.818884E+00   -0.838865E-01
    0.350000E+01   -0.137846E+01    0.885019E-01    0.270707E+00   -0.824554E+00   -0.849657E-01
    0.360000E+01   -0.134523E+01    0.884736E-01    0.253936E+00   -0.830113E+00   -0.856659E-01
    0.370000E+01   -0.131315E+01    0.882591E-01    0.237315E+00   -0.835623E+00   -0.859672E-01
    0.380000E+01   -0.128222E+01    0.878484E-01    0.220880E+00   -0.841133E+00   -0.858561E-01
    0.390000E+01   -0.125247E+01    0.872235E-01    0.204658E+00   -0.846682E+00   -0.853282E-01
    0.400000E+01   -0.122391E+01    0.863580E-01    0.188683E+00   -0.852289E+00   -0.843915E-01
    0.410000E+01   -0.119655E+01    0.852193E-01    0.172997E+00   -0.857953E+00   -0.830691E-01
    0.420000E+01   -0.117041E+01    0.837722E-01    0.157656E+00   -0.863655E+00   -0.814010E-01
    0.430000E+01   -0.114549E+01    0.819857E-01    0.142739E+00   -0.869349E+00   -0.794431E-01
    0.440000E+01   -0.112180E+01    0.798408E-01    0.128343E+00   -0.874978E+00   -0.772644E-01
    0.450000E+01   -0.109933E+01    0.773380E-01    0.114578E+00   -0.880473E+00   -0.749406E-01
    0.460000E+01   -0.107808E+01    0.745013E-01    0.101556E+00   -0.885766E+00   -0.725464E-01
    0.470000E+01   -0.105801E+01    0.713772E-01    0.893743E-01   -0.890800E+00   -0.701490E-01
    0.480000E+01   -0.103909E+01    0.680293E-01    0.781081E-01   -0.895532E+00   -0.678031E-01
    0.490000E+01   -0.102129E+01    0.645463E-01    0.678088E-01   -0.899940E+00   -0.655494E-01
    0.500000E+01   -0.100455E+01    0.609534E-01    0.584608E-01   -0.904009E+00   -0.634143E-01
    0.510000E+01   -0.988825E+00    0.573667E-01    0.500715E-01   -0.907751E+00   -0.614134E-01
    0.520000E+01   -0.974056E+00    0.538280E-01    0.425908E-01   -0.911176E+00   -0.595530E-01
    0.530000E+01   -0.960186E+00    0.503836E-01    0.359613E-01   -0.914306E+00   -0.578328E-01
    0.540000E+01   -0.947159E+00    0.472517E-01    0.301752E-01   -0.917171E+00   -0.562496E-01
    0.550000E+01   -0.934919E+00    0.439058E-01    0.249833E-01   -0.919772E+00   -0.547936E-01
    0.560000E+01   -0.923413E+00    0.409116E-01    0.204918E-01   -0.922156E+00   -0.534593E-01
    0.570000E+01   -0.912590E+00    0.380935E-01    0.165722E-01   -0.924337E+00   -0.522367E-01
    0.580000E+01   -0.902401E+00    0.354537E-01    0.131592E-01   -0.926337E+00   -0.511170E-01
    0.590000E+01   -0.892802E+00    0.329902E-01    0.101929E-01   -0.928174E+00   -0.500913E-01
    0.600000E+01   -0.883750E+00    0.306980E-01    0.761872E-02   -0.929864E+00   -0.491513E-01
    0.610000E+01   -0.875206E+00    0.285698E-01    0.538790E-02   -0.931424E+00   -0.482893E-01
    0.620000E+01   -0.867132E+00    0.265978E-01    0.345702E-02   -0.932865E+00   -0.474983E-01
    0.630000E+01   -0.859496E+00    0.247725E-01    0.178766E-02   -0.934201E+00   -0.467715E-01
    0.640000E+01   -0.852266E+00    0.230837E-01    0.345964E-03   -0.935442E+00   -0.461032E-01
    0.650000E+01   -0.845418E+00    0.231486E-01   -0.666174E-03   -0.936613E+00   -0.454897E-01
    0.660000E+01   -0.838917E+00    0.220072E-01   -0.171066E-02   -0.937690E+00   -0.449226E-01
    0.670000E+01   -0.832742E+00    0.209799E-01   -0.260809E-02   -0.938696E+00   -0.443991E-01
    0.680000E+01   -0.826872E+00    0.200646E-01   -0.337684E-02   -0.939638E+00   -0.439154E-01
    0.690000E+01   -0.821279E+00    0.163791E-01   -0.435615E-02   -0.940504E+00   -0.434655E-01
    0.700000E+01   -0.815956E+00    0.153259E-01   -0.493417E-02   -0.941334E+00   -0.430507E-01
    0.710000E+01   -0.810886E+00    0.178206E-01   -0.507743E-02   -0.942130E+00   -0.426682E-01
    0.720000E+01   -0.806036E+00    0.134510E-01   -0.584306E-02   -0.942853E+00   -0.423086E-01
    0.730000E+01   -0.801407E+00    0.126159E-01   -0.619480E-02   -0.943549E+00   -0.419763E-01
    0.740000E+01   -0.796981E+00    0.118416E-01   -0.648966E-02   -0.944207E+00   -0.416669E-01
    0.750000E+01   -0.792745E+00    0.111247E-01   -0.673478E-02   -0.944830E+00   -0.413784E-01
    0.760000E+01   -0.788687E+00    0.104568E-01   -0.693684E-02   -0.945421E+00   -0.411092E-01
    0.770000E+01   -0.784801E+00    0.132484E-01   -0.684706E-02   -0.945987E+00   -0.408591E-01
    0.780000E+01   -0.781063E+00    0.926419E-02   -0.723208E-02   -0.946515E+00   -0.406224E-01
    0.790000E+01   -0.777479E+00    0.872569E-02   -0.733474E-02   -0.947023E+00   -0.404020E-01
    0.800000E+01   -0.774033E+00    0.822749E-02   -0.741206E-02   -0.947507E+00   -0.401954E-01
    0.810000E+01   -0.770720E+00    0.776238E-02   -0.746754E-02   -0.947968E+00   -0.400015E-01
    0.820000E+01   -0.767532E+00    0.732819E-02   -0.750393E-02   -0.948409E+00   -0.398194E-01
    0.830000E+01   -0.764461E+00    0.692294E-02   -0.752365E-02   -0.948830E+00   -0.396481E-01
    0.840000E+01   -0.761501E+00    0.654401E-02   -0.752887E-02   -0.949233E+00   -0.394868E-01
    0.850000E+01   -0.758646E+00    0.619133E-02   -0.752138E-02   -0.949619E+00   -0.393349E-01
    0.860000E+01   -0.755892E+00    0.585770E-02   -0.750309E-02   -0.949989E+00   -0.391916E-01
    0.870000E+01   -0.753232E+00    0.554882E-02   -0.747509E-02   -0.950344E+00   -0.390563E-01
    0.880000E+01   -0.750662E+00    0.526171E-02   -0.743873E-02   -0.950684E+00   -0.389285E-01
    0.890000E+01   -0.748177E+00    0.498666E-02   -0.739552E-02   -0.951011E+00   -0.388076E-01
    0.900000E+01   -0.745773E+00    0.472846E-02   -0.734615E-02   -0.951325E+00   -0.386933E-01
    0.910000E+01   -0.743447E+00    0.448820E-02   -0.729139E-02   -0.951628E+00   -0.385849E-01
    0.920000E+01   -0.741194E+00    0.426144E-02   -0.723217E-02   -0.951919E+00   -0.384822E-01
    0.930000E+01   -0.739011E+00    0.405239E-02   -0.716894E-02   -0.952199E+00   -0.383847E-01
    0.940000E+01   -0.736895E+00    0.384702E-02   -0.710282E-02   -0.952469E+00   -0.382922E-01
    0.950000E+01   -0.734844E+00    0.366001E-02   -0.703373E-02   -0.952730E+00   -0.382043E-01
    0.960000E+01   -0.732853E+00    0.348696E-02   -0.696228E-02   -0.952981E+00   -0.381207E-01
    0.970000E+01   -0.730920E+00    0.332381E-02   -0.688902E-02   -0.953224E+00   -0.380412E-01
    0.980000E+01   -0.729043E+00    0.315515E-02   -0.681478E-02   -0.953458E+00   -0.379654E-01
    0.990000E+01   -0.727218E+00    0.300966E-02   -0.673889E-02   -0.953685E+00   -0.378933E-01
    0.100000E+02   -0.725446E+00    0.286623E-02   -0.666233E-02   -0.953904E+00   -0.378245E-01
