    0.000000E+00   -0.324239E+01    0.000000E+00    0.000000E+00    0.000000E+00    0.000000E+00
    0.100000E+00   -0.317367E+01    0.000000E+00    0.000000E+00    0.000000E+00    0.000000E+00
    0.200000E+00   -0.310573E+01    0.000000E+00    0.000000E+00    0.000000E+00    0.000000E+00
    0.300000E+00   -0.303851E+01   -0.617147E-36   -0.987384E-36    0.234314E-35    0.414966E-36
    0.400000E+00   -0.297198E+01   -0.577382E-44   -0.868669E-43    0.744327E-43    0.463669E-44
    0.500000E+00   -0.290614E+01   -0.288418E-51   -0.441282E-50    0.368099E-50    0.231461E-51
    0.600000E+00   -0.284099E+01   -0.192103E-58   -0.281144E-57    0.232216E-57    0.152100E-58
    0.700000E+00   -0.277652E+01   -0.173669E-65   -0.242784E-64    0.198429E-64    0.135492E-65
    0.800000E+00   -0.271276E+01   -0.226538E-72   -0.302172E-71    0.244161E-71    0.173912E-72
    0.900000E+00   -0.264973E+01   -0.424150E-79   -0.539192E-78    0.430311E-78    0.319931E-79
    0.100000E+01   -0.258747E+01   -0.497230E-27   -0.601582E-26    0.473651E-26    0.367773E-27
    0.110000E+01   -0.252601E+01   -0.212420E-33   -0.244388E-32    0.189683E-32    0.153916E-33
    0.120000E+01   -0.246539E+01   -0.135693E-39   -0.148245E-38    0.113298E-38    0.961154E-40
    0.130000E+01   -0.240567E+01   -0.134206E-45   -0.139059E-44    0.104554E-44    0.927683E-46
    0.140000E+01   -0.234689E+01   -0.193396E-51   -0.189824E-50    0.140302E-50    0.130238E-51
    0.150000E+01   -0.228910E+01   -0.398705E-57   -0.370263E-56    0.268890E-56    0.261174E-57
    0.160000E+01   -0.223236E+01   -0.114811E-62   -0.100760E-61    0.718810E-62    0.730557E-63
    0.170000E+01   -0.217671E+01   -0.434184E-68   -0.359698E-67    0.252103E-67    0.268060E-68
    0.180000E+01   -0.212220E+01   -0.215761E-73   -0.168550E-72    0.116115E-72    0.129124E-73
    0.190000E+01   -0.206886E+01   -0.143731E-78   -0.105769E-77    0.716760E-78    0.833171E-79
    0.200000E+01   -0.201670E+01   -0.122575E-83   -0.848900E-83    0.566482E-83    0.687837E-84
    0.210000E+01   -0.196576E+01   -0.131105E-88   -0.853775E-88    0.561761E-88    0.711878E-89
    0.220000E+01   -0.191604E+01   -0.180031E-93   -0.110153E-92    0.715706E-93    0.945530E-94
    0.230000E+01   -0.186754E+01   -0.301444E-98   -0.173167E-97    0.111294E-97    0.153087E-98
    0.240000E+01   -0.182026E+01   -0.624742-103   -0.336718-102    0.214465-102    0.306680-103
    0.250000E+01   -0.177419E+01   -0.158596-107   -0.801450-107    0.506927-107    0.752258-108
    0.260000E+01   -0.172934E+01    0.663349E-28    0.314084E-27   -0.197714E-27   -0.303850E-28
    0.270000E+01   -0.168568E+01    0.239538E-32    0.106192E-31   -0.667007E-32   -0.105915E-32
    0.280000E+01   -0.164321E+01    0.104160E-36    0.431993E-36   -0.271442E-36   -0.444190E-37
    0.290000E+01   -0.160192E+01    0.529413E-41    0.205222E-40   -0.129374E-40   -0.217542E-41
    0.300000E+01   -0.156180E+01   -0.977628E-18    0.316405E-17   -0.146679E-17    0.500165E-18
    0.310000E+01   -0.152284E+01    0.113721E-22    0.383713E-22   -0.245800E-22   -0.432058E-23
    0.320000E+01   -0.148503E+01   -0.230580E-23   -0.724299E-23    0.470794E-23    0.841525E-24
    0.330000E+01   -0.144836E+01    0.193384E-21    0.564087E-21   -0.371966E-21   -0.672799E-22
    0.340000E+01   -0.141284E+01    0.199500E-25    0.539523E-25   -0.364687E-25   -0.665113E-26
    0.350000E+01   -0.137846E+01    0.226124E-29    0.565235E-29   -0.392776E-29   -0.718527E-30
    0.360000E+01   -0.134523E+01   -0.866269E-22   -0.198914E-21    0.139687E-21    0.254199E-22
    0.370000E+01   -0.131315E+01   -0.112570E-25   -0.237904E-25    0.177240E-25    0.320931E-26
    0.380000E+01   -0.128222E+01   -0.253072E-25   -0.485254E-25    0.357296E-25    0.633949E-26
    0.390000E+01   -0.125247E+01   -0.334840E-29   -0.588050E-29    0.478463E-29    0.837290E-30
    0.400000E+01   -0.122391E+01    0.116799E-26    0.184231E-26   -0.149193E-26   -0.252889E-27
    0.410000E+01   -0.119655E+01    0.140305E-30    0.200768E-30   -0.181540E-30   -0.299553E-31
    0.420000E+01   -0.117041E+01   -0.291123E-26   -0.354649E-26    0.212122E-26    0.320963E-27
    0.430000E+01   -0.114549E+01   -0.885419E-23   -0.980803E-23    0.759396E-23    0.112982E-23
    0.440000E+01   -0.112180E+01   -0.748510E-27   -0.760155E-27    0.808235E-27    0.117214E-27
    0.450000E+01   -0.109933E+01    0.641325E-23    0.556125E-23   -0.431923E-23   -0.580267E-24
    0.460000E+01   -0.107808E+01    0.461490E-27    0.367426E-27   -0.423866E-27   -0.554429E-28
    0.470000E+01   -0.105801E+01    0.523755E-22    0.366095E-22   -0.400061E-22   -0.494014E-23
    0.480000E+01   -0.103909E+01    0.394582E-26    0.247038E-26   -0.305039E-26   -0.359168E-27
    0.490000E+01   -0.102129E+01    0.315757E-30    0.175884E-30   -0.221587E-30   -0.247844E-31
    0.500000E+01   -0.100455E+01    0.268864E-34    0.133550E-34   -0.167391E-34   -0.178051E-35
    0.510000E+01   -0.988825E+00    0.246213E-38    0.109492E-38   -0.134544E-38   -0.136363E-39
    0.520000E+01   -0.974056E+00    0.257807E-42    0.103102E-42   -0.122685E-42   -0.118745E-43
    0.530000E+01   -0.960186E+00    0.295098E-46    0.106631E-46   -0.121791E-46   -0.112843E-47
    0.540000E+01   -0.947159E+00    0.389109E-50    0.127626E-50   -0.138966E-50   -0.123556E-51
    0.550000E+01   -0.934919E+00    0.590530E-54    0.176594E-54   -0.182501E-54   -0.156091E-55
    0.560000E+01   -0.923413E+00    0.110538E-57    0.302616E-58   -0.295882E-58   -0.244019E-59
    0.570000E+01   -0.912590E+00    0.235838E-61    0.593327E-62   -0.549152E-62   -0.437704E-63
    0.580000E+01   -0.902401E+00    0.653216E-65    0.151541E-65   -0.132719E-65   -0.102464E-66
    0.590000E+01   -0.892802E+00    0.211678E-68    0.454272E-69   -0.377039E-69   -0.282523E-70
    0.600000E+01   -0.883750E+00    0.821422E-72    0.163540E-72   -0.128913E-72   -0.939378E-74
    0.610000E+01   -0.875206E+00    0.338355E-75    0.628297E-76   -0.476858E-76   -0.337845E-77
    0.620000E+01   -0.867132E+00    0.185535E-78    0.321161E-79   -0.232303E-79   -0.160679E-80
    0.630000E+01   -0.859496E+00    0.114928E-81    0.185929E-82   -0.128358E-82   -0.867772E-84
    0.640000E+01   -0.852266E+00   -0.146409E-25   -0.222668E-26   -0.103379E-25   -0.732036E-27
    0.650000E+01   -0.845413E+00   -0.117475E-28   -0.167045E-29   -0.250374E-30   -0.216809E-31
    0.660000E+01   -0.838912E+00   -0.115355E-31   -0.153883E-32    0.767877E-33    0.482433E-34
    0.670000E+01   -0.832737E+00   -0.132633E-34   -0.166663E-35    0.951469E-36    0.594578E-37
    0.680000E+01   -0.826866E+00   -0.190911E-37   -0.226262E-38    0.127324E-38    0.783801E-40
    0.690000E+01   -0.821279E+00   -0.338007E-40   -0.378440E-41    0.206235E-41    0.125004E-42
    0.700000E+01   -0.815956E+00   -0.689069E-43   -0.729532E-44    0.384461E-44    0.229706E-45
    0.710000E+01   -0.810880E+00   -0.174980E-45   -0.175560E-46    0.896110E-47    0.527878E-48
    0.720000E+01   -0.806036E+00   -0.444008E-48   -0.422373E-49    0.208988E-49    0.121517E-50
    0.730000E+01   -0.801407E+00   -0.176645E-50   -0.159484E-51    0.766365E-52    0.440325E-53
    0.740000E+01   -0.796981E+00   -0.720161E-53   -0.618281E-54    0.288437E-54    0.163782E-55
    0.750000E+01   -0.792745E+00   -0.325425E-55   -0.265726E-56    0.120594E-56    0.677396E-58
    0.760000E+01   -0.788687E+00   -0.165087E-57   -0.128501E-58    0.567212E-59    0.315242E-60
    0.770000E+01   -0.784796E+00   -0.101609E-59   -0.754289E-61    0.324544E-61    0.178603E-62
    0.780000E+01   -0.781063E+00   -0.737541E-62   -0.522537E-63    0.219350E-63    0.119586E-64
    0.790000E+01   -0.777479E+00   -0.512211E-64   -0.347029E-65    0.141973E-65    0.766860E-67
    0.800000E+01   -0.774034E+00   -0.490059E-66   -0.317480E-67    0.126940E-67    0.680052E-69
    0.810000E+01   -0.770721E+00   -0.667082E-68   -0.413281E-69    0.161819E-69    0.860460E-71
    0.820000E+01   -0.767532E+00   -0.880527E-70   -0.522833E-71    0.199994E-71    0.105517E-72
    0.830000E+01   -0.764460E+00   -0.127047E-71   -0.723262E-73    0.270756E-73    0.141795E-74
    0.840000E+01   -0.761501E+00   -0.226754E-73   -0.123937E-74    0.454343E-75    0.236252E-76
    0.850000E+01   -0.758646E+00   -0.380651E-75   -0.200074E-76    0.716848E-77    0.370072E-78
    0.860000E+01   -0.755891E+00   -0.613686E-77   -0.310001E-78    0.108702E-78    0.557449E-80
    0.870000E+01   -0.753231E+00   -0.128277E-78   -0.623504E-80    0.214331E-80    0.109228E-81
    0.880000E+01   -0.750661E+00   -0.435037E-80   -0.203443E-81    0.688379E-82    0.348969E-83
    0.890000E+01   -0.748177E+00   -0.182961E-81   -0.824215E-83    0.274086E-83    0.138182E-84
    0.900000E+01   -0.745773E+00   -0.874139E-83   -0.379627E-84    0.123986E-84    0.621757E-86
    0.910000E+01   -0.743447E+00   -0.329773E-84   -0.138158E-85    0.441692E-86    0.220263E-87
    0.920000E+01   -0.741193E+00   -0.138533E-85   -0.560059E-87    0.175729E-87    0.871830E-89
    0.930000E+01   -0.739011E+00   -0.766963E-87   -0.299475E-88    0.924076E-89    0.456295E-90
    0.940000E+01   -0.736896E+00   -0.575424E-88   -0.217089E-89    0.659943E-90    0.324473E-91
    0.950000E+01   -0.734843E+00   -0.329934E-89   -0.120310E-90    0.358761E-91    0.175566E-92
    0.960000E+01   -0.732852E+00   -0.356997E-90   -0.125934E-91    0.371096E-92    0.180935E-93
    0.970000E+01   -0.730918E+00   -0.348085E-91   -0.118847E-92    0.344359E-93    0.167209E-94
    0.980000E+01   -0.729043E+00   -0.520757E-92   -0.172152E-93    0.493213E-94    0.238694E-95
    0.990000E+01   -0.727217E+00   -0.656546E-93   -0.210252E-94    0.591951E-95    0.285329E-96
    0.100000E+02   -0.725446E+00   -0.102020E-93   -0.316690E-95    0.878744E-96    0.422083E-97
