    0.000000E+00   -0.768337E+00   -0.474053E+00    0.231198E+00    0.501397E+00
    0.100000E+00   -0.768346E+00   -0.482402E+00    0.233827E+00    0.494666E+00
    0.200000E+00   -0.768449E+00   -0.491241E+00    0.236536E+00    0.487689E+00
    0.300000E+00   -0.768717E+00   -0.500535E+00    0.239226E+00    0.480536E+00
    0.400000E+00   -0.769235E+00   -0.510235E+00    0.241766E+00    0.473303E+00
    0.500000E+00   -0.770134E+00   -0.520244E+00    0.243959E+00    0.466146E+00
    0.600000E+00   -0.771600E+00   -0.530417E+00    0.245538E+00    0.459283E+00
    0.700000E+00   -0.773731E+00   -0.540692E+00    0.246264E+00    0.452895E+00
    0.800000E+00   -0.776852E+00   -0.550783E+00    0.245704E+00    0.447350E+00
    0.900000E+00   -0.781189E+00   -0.560505E+00    0.243490E+00    0.442938E+00
    0.100000E+01   -0.787008E+00   -0.569634E+00    0.239255E+00    0.439939E+00
    0.110000E+01   -0.794563E+00   -0.577961E+00    0.232720E+00    0.438530E+00
    0.120000E+01   -0.804027E+00   -0.585359E+00    0.223774E+00    0.438705E+00
    0.130000E+01   -0.815445E+00   -0.591831E+00    0.212495E+00    0.440253E+00
    0.140000E+01   -0.828708E+00   -0.597540E+00    0.199136E+00    0.442771E+00
    0.150000E+01   -0.843518E+00   -0.602838E+00    0.184146E+00    0.445640E+00
    0.160000E+01   -0.859416E+00   -0.608245E+00    0.168086E+00    0.448111E+00
    0.170000E+01   -0.875837E+00   -0.614392E+00    0.151599E+00    0.449344E+00
    0.180000E+01   -0.892176E+00   -0.621957E+00    0.135362E+00    0.448457E+00
    0.190000E+01   -0.907927E+00   -0.631525E+00    0.119976E+00    0.444666E+00
    0.200000E+01   -0.922813E+00   -0.643460E+00    0.105846E+00    0.437420E+00
    0.210000E+01   -0.936905E+00   -0.657788E+00    0.930903E-01    0.426514E+00
    0.220000E+01   -0.950638E+00   -0.674179E+00    0.815155E-01    0.412113E+00
    0.230000E+01   -0.964737E+00   -0.692025E+00    0.706943E-01    0.394658E+00
    0.240000E+01   -0.980058E+00   -0.710598E+00    0.600863E-01    0.374706E+00
    0.250000E+01   -0.997419E+00   -0.729212E+00    0.491592E-01    0.352792E+00
    0.260000E+01   -0.101747E+01   -0.747370E+00    0.374680E-01    0.329341E+00
    0.270000E+01   -0.104059E+01   -0.764837E+00    0.246895E-01    0.304644E+00
    0.280000E+01   -0.106692E+01   -0.781641E+00    0.106240E-01    0.278869E+00
    0.290000E+01   -0.109638E+01   -0.798015E+00   -0.482160E-02    0.252090E+00
    0.300000E+01   -0.112881E+01   -0.814306E+00   -0.216583E-01    0.224317E+00
    0.310000E+01   -0.116396E+01   -0.830896E+00   -0.398400E-01    0.195521E+00
    0.320000E+01   -0.120162E+01   -0.848145E+00   -0.592849E-01    0.165647E+00
    0.330000E+01   -0.124163E+01   -0.866358E+00   -0.798942E-01    0.134629E+00
    0.340000E+01   -0.128381E+01   -0.885781E+00   -0.101566E+00    0.102390E+00
    0.350000E+01   -0.132806E+01   -0.906594E+00   -0.124210E+00    0.688490E-01
    0.360000E+01   -0.137426E+01   -0.928918E+00   -0.147759E+00    0.339218E-01
    0.370000E+01   -0.142230E+01   -0.952819E+00   -0.172188E+00   -0.245582E-02
    0.380000E+01   -0.147206E+01   -0.978311E+00   -0.197545E+00   -0.402846E-01
    0.390000E+01   -0.152341E+01   -0.100537E+01   -0.223989E+00   -0.794176E-01
    0.400000E+01   -0.157620E+01   -0.103392E+01   -0.251859E+00   -0.119442E+00
    0.410000E+01   -0.163025E+01   -0.106386E+01   -0.281745E+00   -0.159562E+00
    0.420000E+01   -0.168535E+01   -0.109505E+01   -0.314489E+00   -0.198590E+00
    0.430000E+01   -0.174131E+01   -0.112736E+01   -0.350962E+00   -0.235212E+00
    0.440000E+01   -0.179790E+01   -0.116060E+01   -0.391559E+00   -0.268550E+00
    0.450000E+01   -0.185491E+01   -0.119461E+01   -0.435883E+00   -0.298541E+00
    0.460000E+01   -0.191211E+01   -0.122921E+01   -0.482988E+00   -0.325720E+00
    0.470000E+01   -0.196931E+01   -0.126423E+01   -0.531861E+00   -0.350758E+00
    0.480000E+01   -0.202633E+01   -0.129952E+01   -0.581672E+00   -0.374199E+00
    0.490000E+01   -0.208299E+01   -0.133494E+01   -0.631812E+00   -0.396418E+00
    0.500000E+01   -0.213917E+01   -0.137036E+01   -0.681853E+00   -0.417650E+00
    0.510000E+01   -0.219474E+01   -0.140569E+01   -0.731498E+00   -0.438040E+00
    0.520000E+01   -0.224962E+01   -0.144085E+01   -0.780546E+00   -0.457673E+00
    0.530000E+01   -0.230374E+01   -0.147577E+01   -0.828865E+00   -0.476599E+00
    0.540000E+01   -0.235706E+01   -0.151040E+01   -0.876372E+00   -0.494853E+00
    0.550000E+01   -0.240955E+01   -0.154472E+01   -0.923025E+00   -0.512462E+00
    0.560000E+01   -0.246120E+01   -0.157871E+01   -0.968806E+00   -0.529454E+00
    0.570000E+01   -0.251201E+01   -0.161236E+01   -0.101372E+01   -0.545857E+00
    0.580000E+01   -0.256200E+01   -0.164568E+01   -0.105779E+01   -0.561705E+00
    0.590000E+01   -0.261119E+01   -0.167868E+01   -0.110103E+01   -0.577032E+00
    0.600000E+01   -0.265959E+01   -0.171136E+01   -0.114349E+01   -0.591876E+00
    0.610000E+01   -0.270726E+01   -0.174375E+01   -0.118521E+01   -0.606277E+00
    0.620000E+01   -0.275421E+01   -0.177586E+01   -0.122623E+01   -0.620272E+00
    0.630000E+01   -0.280047E+01   -0.180772E+01   -0.126659E+01   -0.633899E+00
    0.640000E+01   -0.284609E+01   -0.183933E+01   -0.130634E+01   -0.647194E+00
    0.650000E+01   -0.289110E+01   -0.187073E+01   -0.134551E+01   -0.660192E+00
    0.660000E+01   -0.293552E+01   -0.190192E+01   -0.138414E+01   -0.672925E+00
    0.670000E+01   -0.297940E+01   -0.193293E+01   -0.142228E+01   -0.685422E+00
    0.680000E+01   -0.302275E+01   -0.196376E+01   -0.145994E+01   -0.697708E+00
    0.690000E+01   -0.306560E+01   -0.199444E+01   -0.149718E+01   -0.709807E+00
    0.700000E+01   -0.310799E+01   -0.202499E+01   -0.153402E+01   -0.721748E+00
    0.710000E+01   -0.314993E+01   -0.205540E+01   -0.157047E+01   -0.733541E+00
    0.720000E+01   -0.319145E+01   -0.208569E+01   -0.160658E+01   -0.745209E+00
    0.730000E+01   -0.323256E+01   -0.211586E+01   -0.164235E+01   -0.756771E+00
    0.740000E+01   -0.327329E+01   -0.214593E+01   -0.167782E+01   -0.768237E+00
    0.750000E+01   -0.331366E+01   -0.217591E+01   -0.171299E+01   -0.779634E+00
    0.760000E+01   -0.335367E+01   -0.220579E+01   -0.174789E+01   -0.790969E+00
    0.770000E+01   -0.339331E+01   -0.223556E+01   -0.178251E+01   -0.802255E+00
    0.780000E+01   -0.343267E+01   -0.226529E+01   -0.181691E+01   -0.813526E+00
    0.790000E+01   -0.347171E+01   -0.229492E+01   -0.185107E+01   -0.824785E+00
    0.800000E+01   -0.351048E+01   -0.232451E+01   -0.188505E+01   -0.836063E+00
    0.810000E+01   -0.354892E+01   -0.235399E+01   -0.191877E+01   -0.847355E+00
    0.820000E+01   -0.358703E+01   -0.238336E+01   -0.195224E+01   -0.858673E+00
    0.830000E+01   -0.362500E+01   -0.241278E+01   -0.198565E+01   -0.870094E+00
    0.840000E+01   -0.366265E+01   -0.244209E+01   -0.201881E+01   -0.881571E+00
    0.850000E+01   -0.370012E+01   -0.247139E+01   -0.205186E+01   -0.893165E+00
    0.860000E+01   -0.373717E+01   -0.250047E+01   -0.208458E+01   -0.904784E+00
    0.870000E+01   -0.377412E+01   -0.252961E+01   -0.211726E+01   -0.916590E+00
    0.880000E+01   -0.381058E+01   -0.255845E+01   -0.214953E+01   -0.928436E+00
    0.890000E+01   -0.384725E+01   -0.258766E+01   -0.218209E+01   -0.940609E+00
    0.900000E+01   -0.388350E+01   -0.261660E+01   -0.221429E+01   -0.952694E+00
    0.910000E+01   -0.391948E+01   -0.264544E+01   -0.224629E+01   -0.964992E+00
    0.920000E+01   -0.395540E+01   -0.267437E+01   -0.227830E+01   -0.977531E+00
    0.930000E+01   -0.399111E+01   -0.270323E+01   -0.231017E+01   -0.990230E+00
    0.940000E+01   -0.402604E+01   -0.273148E+01   -0.234133E+01   -0.100269E+01
    0.950000E+01   -0.406198E+01   -0.276083E+01   -0.237355E+01   -0.101602E+01
    0.960000E+01   -0.409683E+01   -0.278927E+01   -0.240475E+01   -0.102897E+01
    0.970000E+01   -0.413177E+01   -0.281791E+01   -0.243611E+01   -0.104221E+01
    0.980000E+01   -0.416562E+01   -0.284561E+01   -0.246644E+01   -0.105497E+01
    0.990000E+01   -0.420097E+01   -0.287489E+01   -0.249832E+01   -0.106904E+01
    0.100000E+02   -0.423511E+01   -0.290312E+01   -0.252905E+01   -0.108257E+01
    0.101000E+02   -0.426987E+01   -0.293205E+01   -0.256046E+01   -0.109674E+01
    0.102000E+02   -0.430376E+01   -0.296025E+01   -0.259106E+01   -0.111051E+01
    0.103000E+02   -0.433798E+01   -0.298888E+01   -0.262205E+01   -0.112487E+01
    0.104000E+02   -0.437101E+01   -0.301646E+01   -0.265191E+01   -0.113858E+01
    0.105000E+02   -0.440429E+01   -0.304438E+01   -0.268207E+01   -0.115284E+01
    0.106000E+02   -0.443804E+01   -0.307285E+01   -0.271274E+01   -0.116735E+01
    0.107000E+02   -0.447052E+01   -0.310017E+01   -0.274220E+01   -0.118096E+01
    0.108000E+02   -0.450446E+01   -0.312902E+01   -0.277316E+01   -0.119644E+01
    0.109000E+02   -0.453718E+01   -0.315677E+01   -0.280296E+01   -0.121105E+01
    0.110000E+02   -0.456819E+01   -0.318294E+01   -0.283111E+01   -0.122428E+01
    0.111000E+02   -0.460292E+01   -0.321283E+01   -0.286300E+01   -0.124133E+01
    0.112000E+02   -0.463458E+01   -0.323980E+01   -0.289188E+01   -0.125533E+01
    0.113000E+02   -0.466822E+01   -0.326879E+01   -0.292278E+01   -0.127170E+01
    0.114000E+02   -0.469909E+01   -0.329517E+01   -0.295098E+01   -0.128596E+01
    0.115000E+02   -0.473225E+01   -0.332384E+01   -0.298148E+01   -0.130203E+01
    0.116000E+02   -0.476389E+01   -0.335109E+01   -0.301051E+01   -0.131682E+01
    0.117000E+02   -0.479577E+01   -0.337869E+01   -0.303983E+01   -0.133280E+01
    0.118000E+02   -0.482610E+01   -0.340482E+01   -0.306765E+01   -0.134717E+01
    0.119000E+02   -0.485878E+01   -0.343332E+01   -0.309784E+01   -0.136359E+01
    0.120000E+02   -0.488845E+01   -0.345898E+01   -0.312509E+01   -0.137878E+01
    0.121000E+02   -0.492224E+01   -0.348869E+01   -0.315646E+01   -0.139605E+01
    0.122000E+02   -0.495143E+01   -0.351399E+01   -0.318329E+01   -0.141042E+01
    0.123000E+02   -0.498336E+01   -0.354202E+01   -0.321289E+01   -0.142697E+01
    0.124000E+02   -0.501500E+01   -0.356984E+01   -0.324223E+01   -0.144377E+01
    0.125000E+02   -0.504394E+01   -0.359506E+01   -0.326892E+01   -0.145796E+01
    0.126000E+02   -0.507713E+01   -0.362456E+01   -0.329988E+01   -0.147678E+01
    0.127000E+02   -0.510349E+01   -0.364734E+01   -0.332407E+01   -0.148880E+01
    0.128000E+02   -0.513748E+01   -0.367774E+01   -0.335589E+01   -0.150874E+01
    0.129000E+02   -0.516687E+01   -0.370364E+01   -0.338316E+01   -0.152420E+01
    0.130000E+02   -0.519929E+01   -0.373261E+01   -0.341348E+01   -0.154294E+01
    0.131000E+02   -0.522383E+01   -0.375381E+01   -0.343598E+01   -0.155390E+01
    0.132000E+02   -0.525855E+01   -0.378516E+01   -0.346866E+01   -0.157522E+01
    0.133000E+02   -0.528657E+01   -0.380992E+01   -0.349469E+01   -0.159000E+01
    0.134000E+02   -0.531404E+01   -0.383418E+01   -0.352019E+01   -0.160442E+01
    0.135000E+02   -0.534458E+01   -0.386155E+01   -0.354879E+01   -0.162206E+01
    0.136000E+02   -0.537804E+01   -0.389185E+01   -0.358033E+01   -0.164282E+01
    0.137000E+02   -0.540645E+01   -0.391720E+01   -0.360686E+01   -0.165862E+01
    0.138000E+02   -0.543739E+01   -0.394510E+01   -0.363593E+01   -0.167716E+01
    0.139000E+02   -0.546661E+01   -0.397134E+01   -0.366333E+01   -0.169410E+01
    0.140000E+02   -0.549888E+01   -0.400065E+01   -0.369378E+01   -0.171425E+01
    0.141000E+02   -0.552474E+01   -0.402365E+01   -0.371787E+01   -0.172809E+01
    0.142000E+02   -0.555599E+01   -0.405204E+01   -0.374736E+01   -0.174756E+01
    0.143000E+02   -0.558672E+01   -0.407995E+01   -0.377636E+01   -0.176660E+01
    0.144000E+02   -0.561493E+01   -0.410541E+01   -0.380287E+01   -0.178323E+01
    0.145000E+02   -0.564376E+01   -0.413152E+01   -0.383001E+01   -0.180064E+01
    0.146000E+02   -0.567285E+01   -0.415793E+01   -0.385744E+01   -0.181844E+01
    0.147000E+02   -0.570060E+01   -0.418304E+01   -0.388356E+01   -0.183501E+01
    0.148000E+02   -0.572958E+01   -0.420946E+01   -0.391093E+01   -0.185311E+01
    0.149000E+02   -0.576004E+01   -0.423732E+01   -0.393979E+01   -0.187259E+01
    0.150000E+02   -0.578748E+01   -0.426223E+01   -0.396566E+01   -0.188923E+01
    0.151000E+02   -0.581784E+01   -0.429009E+01   -0.399447E+01   -0.190896E+01
    0.152000E+02   -0.584419E+01   -0.431401E+01   -0.401930E+01   -0.192478E+01
    0.153000E+02   -0.587395E+01   -0.434134E+01   -0.404754E+01   -0.194414E+01
    0.154000E+02   -0.590259E+01   -0.436759E+01   -0.407470E+01   -0.196251E+01
    0.155000E+02   -0.593005E+01   -0.439271E+01   -0.410069E+01   -0.197980E+01
    0.156000E+02   -0.596122E+01   -0.442153E+01   -0.413040E+01   -0.200095E+01
    0.157000E+02   -0.598434E+01   -0.444241E+01   -0.415211E+01   -0.201407E+01
    0.158000E+02   -0.601558E+01   -0.447137E+01   -0.418192E+01   -0.203554E+01
    0.159000E+02   -0.604293E+01   -0.449650E+01   -0.420788E+01   -0.205312E+01
    0.160000E+02   -0.606894E+01   -0.452034E+01   -0.423252E+01   -0.206952E+01
    0.161000E+02   -0.610127E+01   -0.455047E+01   -0.426348E+01   -0.209241E+01
    0.162000E+02   -0.612822E+01   -0.457529E+01   -0.428909E+01   -0.210995E+01
    0.163000E+02   -0.615264E+01   -0.459764E+01   -0.431220E+01   -0.212506E+01
    0.164000E+02   -0.618132E+01   -0.462424E+01   -0.433956E+01   -0.214455E+01
    0.165000E+02   -0.621107E+01   -0.465193E+01   -0.436802E+01   -0.216524E+01
    0.166000E+02   -0.623808E+01   -0.467692E+01   -0.439376E+01   -0.218325E+01
    0.167000E+02   -0.626536E+01   -0.470221E+01   -0.441978E+01   -0.220163E+01
    0.168000E+02   -0.629552E+01   -0.473038E+01   -0.444868E+01   -0.222302E+01
    0.169000E+02   -0.631780E+01   -0.475075E+01   -0.446974E+01   -0.223656E+01
    0.170000E+02   -0.634812E+01   -0.477914E+01   -0.449885E+01   -0.225829E+01
    0.171000E+02   -0.637469E+01   -0.480382E+01   -0.452422E+01   -0.227633E+01
    0.172000E+02   -0.640056E+01   -0.482783E+01   -0.454890E+01   -0.229376E+01
    0.173000E+02   -0.642611E+01   -0.485155E+01   -0.457329E+01   -0.231095E+01
    0.174000E+02   -0.645555E+01   -0.487916E+01   -0.460157E+01   -0.233217E+01
    0.175000E+02   -0.648492E+01   -0.490671E+01   -0.462979E+01   -0.235340E+01
    0.176000E+02   -0.650743E+01   -0.492748E+01   -0.465118E+01   -0.236781E+01
    0.177000E+02   -0.653532E+01   -0.495360E+01   -0.467795E+01   -0.238769E+01
    0.178000E+02   -0.656767E+01   -0.498419E+01   -0.470918E+01   -0.241219E+01
    0.179000E+02   -0.659349E+01   -0.500831E+01   -0.473391E+01   -0.243016E+01
    0.180000E+02   -0.661681E+01   -0.502997E+01   -0.475616E+01   -0.244573E+01
    0.181000E+02   -0.664596E+01   -0.505744E+01   -0.478425E+01   -0.246721E+01
    0.182000E+02   -0.667421E+01   -0.508403E+01   -0.481144E+01   -0.248789E+01
    0.183000E+02   -0.669767E+01   -0.510588E+01   -0.483386E+01   -0.250379E+01
    0.184000E+02   -0.672785E+01   -0.513444E+01   -0.486300E+01   -0.252657E+01
    0.185000E+02   -0.675505E+01   -0.516005E+01   -0.488919E+01   -0.254642E+01
    0.186000E+02   -0.678076E+01   -0.518419E+01   -0.491389E+01   -0.256483E+01
    0.187000E+02   -0.680881E+01   -0.521069E+01   -0.494094E+01   -0.258568E+01
    0.188000E+02   -0.683407E+01   -0.523442E+01   -0.496522E+01   -0.260379E+01
    0.189000E+02   -0.686114E+01   -0.525998E+01   -0.499131E+01   -0.262378E+01
    0.190000E+02   -0.688882E+01   -0.528616E+01   -0.501803E+01   -0.264448E+01
    0.191000E+02   -0.691498E+01   -0.531084E+01   -0.504323E+01   -0.266370E+01
    0.192000E+02   -0.694148E+01   -0.533588E+01   -0.506879E+01   -0.268334E+01
    0.193000E+02   -0.696700E+01   -0.535996E+01   -0.509338E+01   -0.270205E+01
    0.194000E+02   -0.699554E+01   -0.538707E+01   -0.512100E+01   -0.272394E+01
    0.195000E+02   -0.702108E+01   -0.541120E+01   -0.514563E+01   -0.274275E+01
    0.196000E+02   -0.704724E+01   -0.543596E+01   -0.517088E+01   -0.276230E+01
    0.197000E+02   -0.707390E+01   -0.546125E+01   -0.519665E+01   -0.278249E+01
    0.198000E+02   -0.709959E+01   -0.548557E+01   -0.522146E+01   -0.280163E+01
    0.199000E+02   -0.712636E+01   -0.551098E+01   -0.524735E+01   -0.282199E+01
    0.200000E+02   -0.715264E+01   -0.553594E+01   -0.527277E+01   -0.284195E+01
