    0.000000E+00   -0.324239E+01   -0.964831E-02   -0.130700E+00    0.991101E-01    0.506377E-02
    0.100000E+00   -0.317343E+01   -0.105606E-01   -0.138850E+00    0.103898E+00    0.551863E-02
    0.200000E+00   -0.310485E+01   -0.115992E-01   -0.147912E+00    0.109084E+00    0.602568E-02
    0.300000E+00   -0.303669E+01   -0.127859E-01   -0.158007E+00    0.114695E+00    0.659107E-02
    0.400000E+00   -0.296900E+01   -0.141468E-01   -0.169263E+00    0.120752E+00    0.722111E-02
    0.500000E+00   -0.290184E+01   -0.157118E-01   -0.181812E+00    0.127269E+00    0.792200E-02
    0.600000E+00   -0.283526E+01   -0.175152E-01   -0.195777E+00    0.134237E+00    0.869928E-02
    0.700000E+00   -0.276936E+01   -0.195947E-01   -0.211262E+00    0.141627E+00    0.955708E-02
    0.800000E+00   -0.270419E+01   -0.219906E-01   -0.228330E+00    0.149375E+00    0.104973E-01
    0.900000E+00   -0.263986E+01   -0.247439E-01   -0.246978E+00    0.157378E+00    0.115185E-01
    0.100000E+01   -0.257644E+01   -0.278936E-01   -0.267126E+00    0.165494E+00    0.126156E-01
    0.110000E+01   -0.251402E+01   -0.314742E-01   -0.288594E+00    0.173546E+00    0.137792E-01
    0.120000E+01   -0.245268E+01   -0.355138E-01   -0.311117E+00    0.181340E+00    0.149967E-01
    0.130000E+01   -0.239247E+01   -0.400339E-01   -0.334364E+00    0.188677E+00    0.162526E-01
    0.140000E+01   -0.233345E+01   -0.450505E-01   -0.357970E+00    0.195384E+00    0.175307E-01
    0.150000E+01   -0.227565E+01   -0.505762E-01   -0.381577E+00    0.201317E+00    0.188151E-01
    0.160000E+01   -0.221908E+01   -0.566232E-01   -0.404862E+00    0.206377E+00    0.200910E-01
    0.170000E+01   -0.216375E+01   -0.632053E-01   -0.427553E+00    0.210500E+00    0.213446E-01
    0.180000E+01   -0.210965E+01   -0.703394E-01   -0.449435E+00    0.213657E+00    0.225632E-01
    0.190000E+01   -0.205676E+01   -0.780465E-01   -0.470345E+00    0.215838E+00    0.237342E-01
    0.200000E+01   -0.200505E+01   -0.863509E-01   -0.490162E+00    0.217050E+00    0.248447E-01
    0.210000E+01   -0.195451E+01   -0.952799E-01   -0.508793E+00    0.217303E+00    0.258806E-01
    0.220000E+01   -0.190509E+01   -0.104863E+00   -0.526166E+00    0.216613E+00    0.268260E-01
    0.230000E+01   -0.185679E+01   -0.115132E+00   -0.542218E+00    0.214993E+00    0.276634E-01
    0.240000E+01   -0.180957E+01   -0.126118E+00   -0.556890E+00    0.212454E+00    0.283733E-01
    0.250000E+01   -0.176342E+01   -0.137852E+00   -0.570119E+00    0.209007E+00    0.289344E-01
    0.260000E+01   -0.171830E+01   -0.150364E+00   -0.581837E+00    0.204664E+00    0.293245E-01
    0.270000E+01   -0.167420E+01   -0.163684E+00   -0.591965E+00    0.199436E+00    0.295209E-01
    0.280000E+01   -0.163112E+01   -0.177838E+00   -0.600419E+00    0.193344E+00    0.295018E-01
    0.290000E+01   -0.158903E+01   -0.192855E+00   -0.607101E+00    0.186412E+00    0.292476E-01
    0.300000E+01   -0.154795E+01   -0.208759E+00   -0.611909E+00    0.178681E+00    0.287431E-01
    0.310000E+01   -0.150787E+01   -0.225580E+00   -0.614734E+00    0.170203E+00    0.279784E-01
    0.320000E+01   -0.146882E+01   -0.243346E+00   -0.615467E+00    0.161047E+00    0.269519E-01
    0.330000E+01   -0.143081E+01   -0.262089E+00   -0.613998E+00    0.151304E+00    0.256713E-01
    0.340000E+01   -0.139387E+01   -0.281842E+00   -0.610229E+00    0.141080E+00    0.241550E-01
    0.350000E+01   -0.135807E+01   -0.302639E+00   -0.604076E+00    0.130504E+00    0.224331E-01
    0.360000E+01   -0.132344E+01   -0.324513E+00   -0.595477E+00    0.119720E+00    0.205471E-01
    0.370000E+01   -0.129005E+01   -0.347483E+00   -0.584406E+00    0.108882E+00    0.185483E-01
    0.380000E+01   -0.125797E+01   -0.371547E+00   -0.570883E+00    0.981546E-01    0.164950E-01
    0.390000E+01   -0.122727E+01   -0.396669E+00   -0.554990E+00    0.876971E-01    0.144486E-01
    0.400000E+01   -0.119799E+01   -0.422760E+00   -0.536883E+00    0.776597E-01    0.124685E-01
    0.410000E+01   -0.117019E+01   -0.449670E+00   -0.516803E+00    0.681722E-01    0.106064E-01
    0.420000E+01   -0.114389E+01   -0.477184E+00   -0.495068E+00    0.593366E-01    0.890259E-02
    0.430000E+01   -0.111909E+01   -0.505029E+00   -0.472069E+00    0.512230E-01    0.738257E-02
    0.440000E+01   -0.109577E+01   -0.532892E+00   -0.448234E+00    0.438681E-01    0.605708E-02
    0.450000E+01   -0.107390E+01   -0.560450E+00   -0.424003E+00    0.372782E-01    0.492380E-02
    0.460000E+01   -0.105340E+01   -0.587399E+00   -0.399788E+00    0.314344E-01    0.397064E-02
    0.470000E+01   -0.103421E+01   -0.613473E+00   -0.375952E+00    0.262990E-01    0.317944E-02
    0.480000E+01   -0.101626E+01   -0.638462E+00   -0.352794E+00    0.218211E-01    0.252926E-02
    0.490000E+01   -0.999469E+00   -0.662212E+00   -0.330539E+00    0.179427E-01    0.199888E-02
    0.500000E+01   -0.983758E+00   -0.684630E+00   -0.309343E+00    0.146024E-01    0.156844E-02
    0.510000E+01   -0.969053E+00   -0.705668E+00   -0.289307E+00    0.117393E-01    0.122024E-02
    0.520000E+01   -0.955281E+00   -0.725319E+00   -0.270478E+00    0.929466E-02    0.939108E-03
    0.530000E+01   -0.942375E+00   -0.743607E+00   -0.252867E+00    0.721412E-02    0.712305E-03
    0.540000E+01   -0.930270E+00   -0.760578E+00   -0.236455E+00    0.544801E-02    0.529350E-03
    0.550000E+01   -0.918907E+00   -0.776294E+00   -0.221203E+00    0.395200E-02    0.381710E-03
    0.560000E+01   -0.908230E+00   -0.790825E+00   -0.207059E+00    0.268701E-02    0.262496E-03
    0.570000E+01   -0.898187E+00   -0.804246E+00   -0.193961E+00    0.161897E-02    0.166173E-03
    0.580000E+01   -0.888731E+00   -0.816635E+00   -0.181844E+00    0.718468E-03    0.883068E-04
    0.590000E+01   -0.879819E+00   -0.828067E+00   -0.170640E+00   -0.397609E-04    0.253478E-04
    0.600000E+01   -0.871408E+00   -0.838617E+00   -0.160285E+00   -0.677271E-03   -0.255448E-04
    0.610000E+01   -0.863464E+00   -0.848354E+00   -0.150712E+00   -0.121240E-02   -0.666473E-04
    0.620000E+01   -0.855951E+00   -0.857346E+00   -0.141860E+00   -0.166070E-02   -0.997866E-04
    0.630000E+01   -0.848838E+00   -0.865654E+00   -0.133673E+00   -0.203534E-02   -0.126433E-03
    0.640000E+01   -0.842096E+00   -0.873336E+00   -0.126094E+00   -0.234746E-02   -0.147770E-03
    0.650000E+01   -0.835700E+00   -0.880444E+00   -0.119075E+00   -0.260649E-02   -0.164759E-03
    0.660000E+01   -0.829625E+00   -0.887027E+00   -0.112568E+00   -0.282038E-02   -0.178176E-03
    0.670000E+01   -0.823849E+00   -0.893131E+00   -0.106531E+00   -0.299587E-02   -0.188654E-03
    0.680000E+01   -0.818351E+00   -0.898794E+00   -0.100925E+00   -0.313867E-02   -0.196709E-03
    0.690000E+01   -0.813113E+00   -0.904055E+00   -0.957143E-01   -0.325360E-02   -0.202765E-03
    0.700000E+01   -0.808118E+00   -0.908948E+00   -0.908655E-01   -0.334477E-02   -0.207167E-03
    0.710000E+01   -0.803349E+00   -0.913502E+00   -0.863491E-01   -0.341564E-02   -0.210201E-03
    0.720000E+01   -0.798793E+00   -0.917747E+00   -0.821381E-01   -0.346916E-02   -0.212103E-03
    0.730000E+01   -0.794435E+00   -0.921706E+00   -0.782075E-01   -0.350782E-02   -0.213064E-03
    0.740000E+01   -0.790264E+00   -0.925404E+00   -0.745349E-01   -0.353403E-02   -0.213262E-03
    0.750000E+01   -0.786262E+00   -0.928862E+00   -0.710983E-01   -0.349297E-02   -0.209152E-03
    0.760000E+01   -0.782427E+00   -0.932099E+00   -0.678816E-01   -0.349573E-02   -0.207954E-03
    0.770000E+01   -0.778746E+00   -0.935130E+00   -0.648667E-01   -0.349513E-02   -0.206613E-03
    0.780000E+01   -0.775214E+00   -0.937974E+00   -0.620383E-01   -0.349404E-02   -0.205322E-03
    0.790000E+01   -0.771822E+00   -0.940643E+00   -0.593822E-01   -0.349555E-02   -0.204252E-03
    0.800000E+01   -0.768566E+00   -0.943152E+00   -0.568857E-01   -0.350555E-02   -0.203988E-03
    0.810000E+01   -0.765402E+00   -0.945513E+00   -0.545333E-01   -0.340894E-02   -0.196910E-03
    0.820000E+01   -0.762374E+00   -0.947736E+00   -0.523196E-01   -0.338437E-02   -0.194456E-03
    0.830000E+01   -0.759456E+00   -0.949831E+00   -0.502324E-01   -0.335907E-02   -0.192006E-03
    0.840000E+01   -0.756642E+00   -0.951807E+00   -0.482628E-01   -0.333475E-02   -0.189659E-03
    0.850000E+01   -0.753930E+00   -0.953673E+00   -0.464027E-01   -0.331388E-02   -0.187574E-03
    0.860000E+01   -0.751311E+00   -0.955437E+00   -0.446442E-01   -0.329895E-02   -0.185877E-03
    0.870000E+01   -0.748789E+00   -0.957105E+00   -0.429807E-01   -0.329531E-02   -0.185066E-03
    0.880000E+01   -0.746314E+00   -0.958686E+00   -0.414031E-01   -0.318450E-02   -0.177764E-03
    0.890000E+01   -0.743945E+00   -0.960182E+00   -0.399095E-01   -0.315476E-02   -0.175349E-03
    0.900000E+01   -0.741655E+00   -0.961602E+00   -0.384928E-01   -0.312899E-02   -0.173199E-03
    0.910000E+01   -0.739437E+00   -0.962949E+00   -0.371481E-01   -0.310973E-02   -0.171456E-03
    0.920000E+01   -0.737296E+00   -0.964228E+00   -0.358709E-01   -0.310158E-02   -0.170531E-03
    0.930000E+01   -0.735181E+00   -0.965445E+00   -0.346545E-01   -0.297973E-02   -0.162957E-03
    0.940000E+01   -0.733156E+00   -0.966602E+00   -0.334987E-01   -0.294290E-02   -0.160336E-03
    0.950000E+01   -0.731191E+00   -0.967704E+00   -0.323982E-01   -0.290760E-02   -0.157833E-03
    0.960000E+01   -0.729286E+00   -0.968753E+00   -0.313497E-01   -0.287472E-02   -0.155501E-03
    0.970000E+01   -0.727435E+00   -0.969753E+00   -0.303501E-01   -0.284491E-02   -0.153362E-03
    0.980000E+01   -0.725641E+00   -0.970707E+00   -0.293964E-01   -0.281990E-02   -0.151522E-03
    0.990000E+01   -0.723896E+00   -0.971618E+00   -0.284861E-01   -0.280160E-02   -0.150075E-03
    0.100000E+02   -0.722231E+00   -0.972487E+00   -0.276176E-01   -0.287784E-02   -0.154042E-03
