    0.000000E+00   -0.324239E+01    0.134273E-01    0.260348E+00   -0.287895E+00   -0.168175E-02
    0.100000E+00   -0.317367E+01    0.145808E-01    0.271206E+00   -0.301086E+00   -0.232949E-02
    0.200000E+00   -0.310573E+01    0.158386E-01    0.282384E+00   -0.314859E+00   -0.305659E-02
    0.300000E+00   -0.303851E+01    0.172141E-01    0.293950E+00   -0.329330E+00   -0.387765E-02
    0.400000E+00   -0.297198E+01    0.187210E-01    0.305944E+00   -0.344594E+00   -0.480800E-02
    0.500000E+00   -0.290614E+01    0.203731E-01    0.318388E+00   -0.360737E+00   -0.586396E-02
    0.600000E+00   -0.284099E+01    0.221842E-01    0.331278E+00   -0.377831E+00   -0.706283E-02
    0.700000E+00   -0.277652E+01    0.241672E-01    0.344583E+00   -0.395931E+00   -0.842264E-02
    0.800000E+00   -0.271276E+01    0.263337E-01    0.358236E+00   -0.415069E+00   -0.996151E-02
    0.900000E+00   -0.264973E+01    0.286926E-01    0.372126E+00   -0.435243E+00   -0.116967E-01
    0.100000E+01   -0.258747E+01    0.312485E-01    0.386089E+00   -0.456411E+00   -0.136435E-01
    0.110000E+01   -0.252601E+01    0.340002E-01    0.399904E+00   -0.478475E+00   -0.158131E-01
    0.120000E+01   -0.246539E+01    0.369393E-01    0.413295E+00   -0.501277E+00   -0.182113E-01
    0.130000E+01   -0.240566E+01    0.400490E-01    0.425937E+00   -0.524596E+00   -0.208368E-01
    0.140000E+01   -0.234688E+01    0.433046E-01    0.437480E+00   -0.548154E+00   -0.236800E-01
    0.150000E+01   -0.228909E+01    0.466742E-01    0.447574E+00   -0.571636E+00   -0.267232E-01
    0.160000E+01   -0.223235E+01    0.501213E-01    0.455909E+00   -0.594712E+00   -0.299419E-01
    0.170000E+01   -0.217671E+01    0.536077E-01    0.462237E+00   -0.617070E+00   -0.333064E-01
    0.180000E+01   -0.212219E+01    0.570959E-01    0.466400E+00   -0.638440E+00   -0.367847E-01
    0.190000E+01   -0.206885E+01    0.605520E-01    0.468329E+00   -0.658617E+00   -0.403441E-01
    0.200000E+01   -0.201670E+01    0.639467E-01    0.468043E+00   -0.677464E+00   -0.439537E-01
    0.210000E+01   -0.196577E+01    0.672560E-01    0.465631E+00   -0.694917E+00   -0.475843E-01
    0.220000E+01   -0.191605E+01    0.704611E-01    0.461240E+00   -0.710970E+00   -0.512091E-01
    0.230000E+01   -0.186755E+01    0.735481E-01    0.455048E+00   -0.725663E+00   -0.548025E-01
    0.240000E+01   -0.182028E+01    0.765072E-01    0.447254E+00   -0.739069E+00   -0.583400E-01
    0.250000E+01   -0.177422E+01    0.793321E-01    0.438061E+00   -0.751284E+00   -0.617969E-01
    0.260000E+01   -0.172936E+01    0.820193E-01    0.427666E+00   -0.762412E+00   -0.651480E-01
    0.270000E+01   -0.168570E+01    0.845676E-01    0.416252E+00   -0.772561E+00   -0.683670E-01
    0.280000E+01   -0.164323E+01    0.869779E-01    0.403984E+00   -0.781840E+00   -0.714262E-01
    0.290000E+01   -0.160194E+01    0.892527E-01    0.391009E+00   -0.790353E+00   -0.742971E-01
    0.300000E+01   -0.156181E+01    0.913952E-01    0.377448E+00   -0.798201E+00   -0.769498E-01
    0.310000E+01   -0.152283E+01    0.934096E-01    0.363402E+00   -0.805477E+00   -0.793539E-01
    0.320000E+01   -0.148501E+01    0.952994E-01    0.348949E+00   -0.812270E+00   -0.814788E-01
    0.330000E+01   -0.144832E+01    0.970670E-01    0.334146E+00   -0.818664E+00   -0.832938E-01
    0.340000E+01   -0.141278E+01    0.987127E-01    0.319031E+00   -0.824737E+00   -0.847693E-01
    0.350000E+01   -0.137837E+01    0.100233E+00    0.303628E+00   -0.830562E+00   -0.858771E-01
    0.360000E+01   -0.134511E+01    0.101617E+00    0.287946E+00   -0.836206E+00   -0.865921E-01
    0.370000E+01   -0.131299E+01    0.102847E+00    0.271985E+00   -0.841725E+00   -0.868936E-01
    0.380000E+01   -0.128203E+01    0.103903E+00    0.255760E+00   -0.847172E+00   -0.867680E-01
    0.390000E+01   -0.125224E+01    0.104738E+00    0.239269E+00   -0.852582E+00   -0.862108E-01
    0.400000E+01   -0.122365E+01    0.105311E+00    0.222561E+00   -0.857980E+00   -0.852310E-01
    0.410000E+01   -0.119625E+01    0.105559E+00    0.205689E+00   -0.863370E+00   -0.838528E-01
    0.420000E+01   -0.117007E+01    0.105419E+00    0.188763E+00   -0.868738E+00   -0.821183E-01
    0.430000E+01   -0.114513E+01    0.104830E+00    0.171934E+00   -0.874052E+00   -0.800867E-01
    0.440000E+01   -0.112142E+01    0.103748E+00    0.155395E+00   -0.879267E+00   -0.778307E-01
    0.450000E+01   -0.109895E+01    0.102147E+00    0.139356E+00   -0.884328E+00   -0.754295E-01
    0.460000E+01   -0.107770E+01    0.100035E+00    0.124028E+00   -0.889184E+00   -0.729617E-01
    0.470000E+01   -0.105764E+01    0.974511E-01    0.109595E+00   -0.893793E+00   -0.704969E-01
    0.480000E+01   -0.103874E+01    0.944587E-01    0.961948E-01   -0.898122E+00   -0.680916E-01
    0.490000E+01   -0.102096E+01    0.911383E-01    0.839111E-01   -0.902157E+00   -0.657868E-01
    0.500000E+01   -0.100425E+01    0.875785E-01    0.727754E-01   -0.905893E+00   -0.636090E-01
    0.510000E+01   -0.988553E+00    0.838634E-01    0.627733E-01   -0.909338E+00   -0.615727E-01
    0.520000E+01   -0.973811E+00    0.800714E-01    0.538581E-01   -0.912506E+00   -0.596833E-01
    0.530000E+01   -0.959966E+00    0.762684E-01    0.459602E-01   -0.915414E+00   -0.579396E-01
    0.540000E+01   -0.946963E+00    0.725116E-01    0.389986E-01   -0.918083E+00   -0.563364E-01
    0.550000E+01   -0.934745E+00    0.688413E-01    0.328853E-01   -0.920533E+00   -0.548658E-01
    0.560000E+01   -0.923259E+00    0.652902E-01    0.275334E-01   -0.922783E+00   -0.535190E-01
    0.570000E+01   -0.912453E+00    0.618813E-01    0.228590E-01   -0.924853E+00   -0.522862E-01
    0.580000E+01   -0.902281E+00    0.586292E-01    0.187839E-01   -0.926759E+00   -0.511582E-01
    0.590000E+01   -0.892695E+00    0.555426E-01    0.152361E-01   -0.928519E+00   -0.501257E-01
    0.600000E+01   -0.883655E+00    0.526252E-01    0.121509E-01   -0.930145E+00   -0.491803E-01
    0.610000E+01   -0.875121E+00    0.498766E-01    0.947025E-02   -0.931651E+00   -0.483138E-01
    0.620000E+01   -0.867057E+00    0.472945E-01    0.714279E-02   -0.933048E+00   -0.475189E-01
    0.630000E+01   -0.859428E+00    0.448728E-01    0.512310E-02   -0.934348E+00   -0.467891E-01
    0.640000E+01   -0.852205E+00    0.426059E-01    0.337160E-02   -0.935558E+00   -0.461182E-01
    0.650000E+01   -0.845359E+00    0.404862E-01    0.185354E-02   -0.936687E+00   -0.455006E-01
    0.660000E+01   -0.838863E+00    0.385061E-01    0.538706E-03   -0.937742E+00   -0.449316E-01
    0.670000E+01   -0.832692E+00    0.366568E-01   -0.599310E-03   -0.938731E+00   -0.444065E-01
    0.680000E+01   -0.826826E+00    0.349305E-01   -0.158335E-02   -0.939658E+00   -0.439214E-01
    0.690000E+01   -0.821242E+00    0.333193E-01   -0.243324E-02   -0.940530E+00   -0.434726E-01
    0.700000E+01   -0.815922E+00    0.318157E-01   -0.316623E-02   -0.941350E+00   -0.430569E-01
    0.710000E+01   -0.810850E+00    0.304114E-01   -0.379737E-02   -0.942123E+00   -0.426714E-01
    0.720000E+01   -0.806007E+00    0.290999E-01   -0.433959E-02   -0.942853E+00   -0.423134E-01
    0.730000E+01   -0.801381E+00    0.278746E-01   -0.480417E-02   -0.943543E+00   -0.419805E-01
    0.740000E+01   -0.796957E+00    0.267291E-01   -0.520094E-02   -0.944196E+00   -0.416706E-01
    0.750000E+01   -0.792722E+00    0.256578E-01   -0.553840E-02   -0.944815E+00   -0.413817E-01
    0.760000E+01   -0.788666E+00    0.246530E-01   -0.582415E-02   -0.945403E+00   -0.411121E-01
    0.770000E+01   -0.784785E+00    0.207578E-01   -0.628468E-02   -0.945975E+00   -0.408599E-01
    0.780000E+01   -0.781047E+00    0.222369E-01   -0.630723E-02   -0.946496E+00   -0.406246E-01
    0.790000E+01   -0.777462E+00    0.220029E-01   -0.643069E-02   -0.946998E+00   -0.404041E-01
    0.800000E+01   -0.774024E+00    0.186625E-01   -0.673260E-02   -0.947493E+00   -0.401971E-01
    0.810000E+01   -0.770707E+00    0.198749E-01   -0.671287E-02   -0.947944E+00   -0.400032E-01
    0.820000E+01   -0.767517E+00    0.198063E-01   -0.675925E-02   -0.948381E+00   -0.398209E-01
    0.830000E+01   -0.764447E+00    0.191611E-01   -0.682345E-02   -0.948801E+00   -0.396494E-01
    0.840000E+01   -0.761488E+00    0.185521E-01   -0.686967E-02   -0.949204E+00   -0.394880E-01
    0.850000E+01   -0.758634E+00    0.179775E-01   -0.690006E-02   -0.949589E+00   -0.393360E-01
    0.860000E+01   -0.755880E+00    0.174327E-01   -0.691670E-02   -0.949959E+00   -0.391926E-01
    0.870000E+01   -0.753221E+00    0.169006E-01   -0.692202E-02   -0.950313E+00   -0.390572E-01
    0.880000E+01   -0.750651E+00    0.164100E-01   -0.691599E-02   -0.950654E+00   -0.389293E-01
    0.890000E+01   -0.748166E+00    0.159527E-01   -0.690031E-02   -0.950981E+00   -0.388084E-01
    0.900000E+01   -0.745763E+00    0.155128E-01   -0.687682E-02   -0.951295E+00   -0.386939E-01
    0.910000E+01   -0.743437E+00    0.151278E-01   -0.684487E-02   -0.951598E+00   -0.385855E-01
    0.920000E+01   -0.741185E+00    0.147368E-01   -0.680795E-02   -0.951889E+00   -0.384828E-01
    0.930000E+01   -0.739002E+00    0.143627E-01   -0.676580E-02   -0.952169E+00   -0.383853E-01
    0.940000E+01   -0.736887E+00    0.140039E-01   -0.671915E-02   -0.952440E+00   -0.382927E-01
    0.950000E+01   -0.734836E+00    0.136707E-01   -0.666820E-02   -0.952701E+00   -0.382048E-01
    0.960000E+01   -0.732845E+00    0.133513E-01   -0.661393E-02   -0.952952E+00   -0.381211E-01
    0.970000E+01   -0.730912E+00    0.130576E-01   -0.655638E-02   -0.953195E+00   -0.380416E-01
    0.980000E+01   -0.729035E+00    0.127573E-01   -0.649708E-02   -0.953430E+00   -0.379658E-01
    0.990000E+01   -0.727210E+00    0.124768E-01   -0.643549E-02   -0.953657E+00   -0.378936E-01
    0.100000E+02   -0.725439E+00    0.122070E-01   -0.637222E-02   -0.953877E+00   -0.378248E-01
