    0.000000E+00   -0.324239E+01   -0.964831E-02   -0.130700E+00    0.991101E-01    0.506377E-02
    0.100000E+00   -0.317367E+01   -0.105519E-01   -0.138681E+00    0.103807E+00    0.551427E-02
    0.200000E+00   -0.310573E+01   -0.115623E-01   -0.147240E+00    0.108730E+00    0.600829E-02
    0.300000E+00   -0.303851E+01   -0.126979E-01   -0.156481E+00    0.113921E+00    0.655169E-02
    0.400000E+00   -0.297198E+01   -0.139792E-01   -0.166510E+00    0.119409E+00    0.715051E-02
    0.500000E+00   -0.290614E+01   -0.154301E-01   -0.177435E+00    0.125220E+00    0.781100E-02
    0.600000E+00   -0.284099E+01   -0.170781E-01   -0.189363E+00    0.131371E+00    0.853950E-02
    0.700000E+00   -0.277652E+01   -0.189544E-01   -0.202401E+00    0.137870E+00    0.934214E-02
    0.800000E+00   -0.271276E+01   -0.210946E-01   -0.216650E+00    0.144708E+00    0.102245E-01
    0.900000E+00   -0.264973E+01   -0.235377E-01   -0.232194E+00    0.151857E+00    0.111909E-01
    0.100000E+01   -0.258747E+01   -0.263260E-01   -0.249088E+00    0.159263E+00    0.122438E-01
    0.110000E+01   -0.252601E+01   -0.295035E-01   -0.267343E+00    0.166839E+00    0.133824E-01
    0.120000E+01   -0.246539E+01   -0.331138E-01   -0.286907E+00    0.174460E+00    0.146020E-01
    0.130000E+01   -0.240566E+01   -0.371974E-01   -0.307655E+00    0.181962E+00    0.158930E-01
    0.140000E+01   -0.234688E+01   -0.417892E-01   -0.329371E+00    0.189151E+00    0.172398E-01
    0.150000E+01   -0.228909E+01   -0.469162E-01   -0.351764E+00    0.195811E+00    0.186216E-01
    0.160000E+01   -0.223235E+01   -0.525965E-01   -0.374477E+00    0.201727E+00    0.200131E-01
    0.170000E+01   -0.217671E+01   -0.588398E-01   -0.397123E+00    0.206712E+00    0.213864E-01
    0.180000E+01   -0.212219E+01   -0.656493E-01   -0.419318E+00    0.210620E+00    0.227133E-01
    0.190000E+01   -0.206885E+01   -0.730241E-01   -0.440713E+00    0.213364E+00    0.239671E-01
    0.200000E+01   -0.201670E+01   -0.809612E-01   -0.461015E+00    0.214909E+00    0.251239E-01
    0.210000E+01   -0.196577E+01   -0.894573E-01   -0.479991E+00    0.215262E+00    0.261630E-01
    0.220000E+01   -0.191605E+01   -0.985095E-01   -0.497472E+00    0.214468E+00    0.270664E-01
    0.230000E+01   -0.186755E+01   -0.108116E+00   -0.513339E+00    0.212590E+00    0.278190E-01
    0.240000E+01   -0.182028E+01   -0.118277E+00   -0.527520E+00    0.209705E+00    0.284073E-01
    0.250000E+01   -0.177422E+01   -0.128994E+00   -0.539976E+00    0.205897E+00    0.288201E-01
    0.260000E+01   -0.172936E+01   -0.140270E+00   -0.550696E+00    0.201252E+00    0.290482E-01
    0.270000E+01   -0.168570E+01   -0.152115E+00   -0.559686E+00    0.195858E+00    0.290847E-01
    0.280000E+01   -0.164323E+01   -0.164539E+00   -0.566964E+00    0.189803E+00    0.289250E-01
    0.290000E+01   -0.160194E+01   -0.177562E+00   -0.572554E+00    0.183170E+00    0.285678E-01
    0.300000E+01   -0.156181E+01   -0.191209E+00   -0.576482E+00    0.176042E+00    0.280146E-01
    0.310000E+01   -0.152283E+01   -0.205514E+00   -0.578770E+00    0.168497E+00    0.272702E-01
    0.320000E+01   -0.148501E+01   -0.220524E+00   -0.579437E+00    0.160609E+00    0.263428E-01
    0.330000E+01   -0.144832E+01   -0.236294E+00   -0.578490E+00    0.152447E+00    0.252441E-01
    0.340000E+01   -0.141278E+01   -0.252893E+00   -0.575925E+00    0.144077E+00    0.239890E-01
    0.350000E+01   -0.137837E+01   -0.270399E+00   -0.571730E+00    0.135560E+00    0.225959E-01
    0.360000E+01   -0.134511E+01   -0.288900E+00   -0.565877E+00    0.126953E+00    0.210864E-01
    0.370000E+01   -0.131299E+01   -0.308488E+00   -0.558335E+00    0.118315E+00    0.194862E-01
    0.380000E+01   -0.128203E+01   -0.329244E+00   -0.549061E+00    0.109688E+00    0.178208E-01
    0.390000E+01   -0.125224E+01   -0.351240E+00   -0.538035E+00    0.101143E+00    0.161241E-01
    0.400000E+01   -0.122365E+01   -0.374507E+00   -0.525239E+00    0.927202E-01    0.144261E-01
    0.410000E+01   -0.119625E+01   -0.399023E+00   -0.510708E+00    0.844916E-01    0.127623E-01
    0.420000E+01   -0.117007E+01   -0.424694E+00   -0.494524E+00    0.765157E-01    0.111647E-01
    0.430000E+01   -0.114513E+01   -0.451335E+00   -0.476840E+00    0.688574E-01    0.966263E-02
    0.440000E+01   -0.112142E+01   -0.478676E+00   -0.457881E+00    0.615735E-01    0.827878E-02
    0.450000E+01   -0.109895E+01   -0.506377E+00   -0.437942E+00    0.547211E-01    0.702950E-02
    0.460000E+01   -0.107770E+01   -0.534065E+00   -0.417357E+00    0.483399E-01    0.592176E-02
    0.470000E+01   -0.105764E+01   -0.561368E+00   -0.396471E+00    0.424550E-01    0.495475E-02
    0.480000E+01   -0.103874E+01   -0.587955E+00   -0.375612E+00    0.370751E-01    0.412134E-02
    0.490000E+01   -0.102096E+01   -0.613561E+00   -0.355064E+00    0.321941E-01    0.341017E-02
    0.500000E+01   -0.100425E+01   -0.637990E+00   -0.335059E+00    0.277914E-01    0.280747E-02
    0.510000E+01   -0.988553E+00   -0.661119E+00   -0.315770E+00    0.238411E-01    0.229931E-02
    0.520000E+01   -0.973811E+00   -0.682883E+00   -0.297319E+00    0.203099E-01    0.187209E-02
    0.530000E+01   -0.959966E+00   -0.703265E+00   -0.279782E+00    0.171633E-01    0.151354E-02
    0.540000E+01   -0.946963E+00   -0.722284E+00   -0.263198E+00    0.143631E-01    0.121255E-02
    0.550000E+01   -0.934745E+00   -0.739983E+00   -0.247580E+00    0.118774E-01    0.959980E-03
    0.560000E+01   -0.923259E+00   -0.756421E+00   -0.232917E+00    0.967246E-02    0.747826E-03
    0.570000E+01   -0.912453E+00   -0.771666E+00   -0.219186E+00    0.771816E-02    0.569416E-03
    0.580000E+01   -0.902281E+00   -0.785792E+00   -0.206352E+00    0.598678E-02    0.419187E-03
    0.590000E+01   -0.892695E+00   -0.798874E+00   -0.194372E+00    0.445333E-02    0.292514E-03
    0.600000E+01   -0.883655E+00   -0.810985E+00   -0.183202E+00    0.309537E-02    0.185559E-03
    0.610000E+01   -0.875121E+00   -0.822199E+00   -0.172794E+00    0.189286E-02    0.951380E-04
    0.620000E+01   -0.867057E+00   -0.832584E+00   -0.163100E+00    0.827997E-03    0.186118E-04
    0.630000E+01   -0.859428E+00   -0.842205E+00   -0.154072E+00   -0.115035E-03   -0.462170E-04
    0.640000E+01   -0.852205E+00   -0.851122E+00   -0.145665E+00   -0.950162E-03   -0.101171E-03
    0.650000E+01   -0.845359E+00   -0.859392E+00   -0.137835E+00   -0.168972E-02   -0.147771E-03
    0.660000E+01   -0.838863E+00   -0.867067E+00   -0.130539E+00   -0.234459E-02   -0.187288E-03
    0.670000E+01   -0.832692E+00   -0.874197E+00   -0.123739E+00   -0.292438E-02   -0.220786E-03
    0.680000E+01   -0.826826E+00   -0.880824E+00   -0.117397E+00   -0.343752E-02   -0.249158E-03
    0.690000E+01   -0.821242E+00   -0.886989E+00   -0.111479E+00   -0.389148E-02   -0.273153E-03
    0.700000E+01   -0.815922E+00   -0.892731E+00   -0.105954E+00   -0.429282E-02   -0.293404E-03
    0.710000E+01   -0.810850E+00   -0.898083E+00   -0.100790E+00   -0.464737E-02   -0.310448E-03
    0.720000E+01   -0.806007E+00   -0.903076E+00   -0.959619E-01   -0.496024E-02   -0.324737E-03
    0.730000E+01   -0.801381E+00   -0.907739E+00   -0.914431E-01   -0.523595E-02   -0.336656E-03
    0.740000E+01   -0.796957E+00   -0.912098E+00   -0.872108E-01   -0.547852E-02   -0.346534E-03
    0.750000E+01   -0.792722E+00   -0.916177E+00   -0.832434E-01   -0.569149E-02   -0.354651E-03
    0.760000E+01   -0.788666E+00   -0.919998E+00   -0.795212E-01   -0.587804E-02   -0.361248E-03
    0.770000E+01   -0.784785E+00   -0.923654E+00   -0.760136E-01   -0.394766E-02   -0.240274E-03
    0.780000E+01   -0.781047E+00   -0.926955E+00   -0.727389E-01   -0.576506E-02   -0.345671E-03
    0.790000E+01   -0.777462E+00   -0.930097E+00   -0.696519E-01   -0.630408E-02   -0.373749E-03
    0.800000E+01   -0.774024E+00   -0.933123E+00   -0.667315E-01   -0.461499E-02   -0.270042E-03
    0.810000E+01   -0.770707E+00   -0.935873E+00   -0.640001E-01   -0.606758E-02   -0.352211E-03
    0.820000E+01   -0.767517E+00   -0.938490E+00   -0.614187E-01   -0.657535E-02   -0.378421E-03
    0.830000E+01   -0.764447E+00   -0.940971E+00   -0.589798E-01   -0.664236E-02   -0.378923E-03
    0.840000E+01   -0.761488E+00   -0.943311E+00   -0.566760E-01   -0.669563E-02   -0.378785E-03
    0.850000E+01   -0.758634E+00   -0.945522E+00   -0.544982E-01   -0.673894E-02   -0.378226E-03
    0.860000E+01   -0.755880E+00   -0.947611E+00   -0.524377E-01   -0.677330E-02   -0.377302E-03
    0.870000E+01   -0.753221E+00   -0.949588E+00   -0.504868E-01   -0.679908E-02   -0.376032E-03
    0.880000E+01   -0.750651E+00   -0.951460E+00   -0.486382E-01   -0.681793E-02   -0.374508E-03
    0.890000E+01   -0.748166E+00   -0.953233E+00   -0.468851E-01   -0.683068E-02   -0.372773E-03
    0.900000E+01   -0.745763E+00   -0.954915E+00   -0.452214E-01   -0.683716E-02   -0.370813E-03
    0.910000E+01   -0.743437E+00   -0.956511E+00   -0.436413E-01   -0.683918E-02   -0.368727E-03
    0.920000E+01   -0.741185E+00   -0.958026E+00   -0.421396E-01   -0.683580E-02   -0.366455E-03
    0.930000E+01   -0.739002E+00   -0.959467E+00   -0.407114E-01   -0.682809E-02   -0.364055E-03
    0.940000E+01   -0.736887E+00   -0.960837E+00   -0.393521E-01   -0.681645E-02   -0.361544E-03
    0.950000E+01   -0.734836E+00   -0.962141E+00   -0.380575E-01   -0.680162E-02   -0.358958E-03
    0.960000E+01   -0.732845E+00   -0.963384E+00   -0.368237E-01   -0.678364E-02   -0.356296E-03
    0.970000E+01   -0.730912E+00   -0.964567E+00   -0.356471E-01   -0.676353E-02   -0.353609E-03
    0.980000E+01   -0.729035E+00   -0.965697E+00   -0.345244E-01   -0.673972E-02   -0.350806E-03
    0.990000E+01   -0.727210E+00   -0.966774E+00   -0.334524E-01   -0.671412E-02   -0.347989E-03
    0.100000E+02   -0.725439E+00   -0.967803E+00   -0.324280E-01   -0.668643E-02   -0.345138E-03
