    0.000000E+00   -0.324239E+01    0.374036E-01    0.961221E+00    0.966986E+00    0.343901E-01
    0.100000E+00   -0.317343E+01    0.389041E-01    0.959880E+00    0.965827E+00    0.353888E-01
    0.200000E+00   -0.310485E+01    0.405124E-01    0.958446E+00    0.964630E+00    0.364111E-01
    0.300000E+00   -0.303669E+01    0.422427E-01    0.956908E+00    0.963393E+00    0.374562E-01
    0.400000E+00   -0.296900E+01    0.441121E-01    0.955251E+00    0.962113E+00    0.385239E-01
    0.500000E+00   -0.290184E+01    0.461404E-01    0.953459E+00    0.960785E+00    0.396149E-01
    0.600000E+00   -0.283526E+01    0.483511E-01    0.951512E+00    0.959406E+00    0.407313E-01
    0.700000E+00   -0.276936E+01    0.507709E-01    0.949383E+00    0.957969E+00    0.418771E-01
    0.800000E+00   -0.270419E+01    0.534298E-01    0.947045E+00    0.956467E+00    0.430590E-01
    0.900000E+00   -0.263986E+01    0.563599E-01    0.944462E+00    0.954891E+00    0.442869E-01
    0.100000E+01   -0.257644E+01    0.595942E-01    0.941600E+00    0.953232E+00    0.455738E-01
    0.110000E+01   -0.251402E+01    0.631650E-01    0.938420E+00    0.951480E+00    0.469348E-01
    0.120000E+01   -0.245268E+01    0.671019E-01    0.934886E+00    0.949626E+00    0.483862E-01
    0.130000E+01   -0.239247E+01    0.714306E-01    0.930965E+00    0.947661E+00    0.499431E-01
    0.140000E+01   -0.233345E+01    0.761735E-01    0.926628E+00    0.945581E+00    0.516178E-01
    0.150000E+01   -0.227565E+01    0.813498E-01    0.921849E+00    0.943383E+00    0.534186E-01
    0.160000E+01   -0.221908E+01    0.869769E-01    0.916606E+00    0.941069E+00    0.553487E-01
    0.170000E+01   -0.216375E+01    0.930724E-01    0.910880E+00    0.938640E+00    0.574069E-01
    0.180000E+01   -0.210965E+01    0.996544E-01    0.904654E+00    0.936104E+00    0.595873E-01
    0.190000E+01   -0.205676E+01    0.106743E+00    0.897909E+00    0.933468E+00    0.618803E-01
    0.200000E+01   -0.200505E+01    0.114360E+00    0.890626E+00    0.930740E+00    0.642729E-01
    0.210000E+01   -0.195451E+01    0.122530E+00    0.882787E+00    0.927934E+00    0.667485E-01
    0.220000E+01   -0.190509E+01    0.131279E+00    0.874371E+00    0.925063E+00    0.692880E-01
    0.230000E+01   -0.185679E+01    0.140633E+00    0.865356E+00    0.922142E+00    0.718687E-01
    0.240000E+01   -0.180957E+01    0.150622E+00    0.855722E+00    0.919191E+00    0.744649E-01
    0.250000E+01   -0.176342E+01    0.161276E+00    0.845445E+00    0.916232E+00    0.770478E-01
    0.260000E+01   -0.171830E+01    0.172626E+00    0.834501E+00    0.913288E+00    0.795850E-01
    0.270000E+01   -0.167420E+01    0.184705E+00    0.822866E+00    0.910388E+00    0.820414E-01
    0.280000E+01   -0.163112E+01    0.197547E+00    0.810513E+00    0.907562E+00    0.843785E-01
    0.290000E+01   -0.158903E+01    0.211188E+00    0.797411E+00    0.904845E+00    0.865552E-01
    0.300000E+01   -0.154795E+01    0.225669E+00    0.783527E+00    0.902276E+00    0.885284E-01
    0.310000E+01   -0.150787E+01    0.241033E+00    0.768820E+00    0.899894E+00    0.902530E-01
    0.320000E+01   -0.146882E+01    0.257327E+00    0.753245E+00    0.897744E+00    0.916836E-01
    0.330000E+01   -0.143081E+01    0.274604E+00    0.736747E+00    0.895874E+00    0.927752E-01
    0.340000E+01   -0.139387E+01    0.292919E+00    0.719267E+00    0.894329E+00    0.934848E-01
    0.350000E+01   -0.135807E+01    0.312329E+00    0.700740E+00    0.893157E+00    0.937738E-01
    0.360000E+01   -0.132344E+01    0.332885E+00    0.681103E+00    0.892402E+00    0.936112E-01
    0.370000E+01   -0.129005E+01    0.354625E+00    0.660300E+00    0.892099E+00    0.929764E-01
    0.380000E+01   -0.125797E+01    0.377564E+00    0.638298E+00    0.892274E+00    0.918644E-01
    0.390000E+01   -0.122727E+01    0.401674E+00    0.615103E+00    0.892935E+00    0.902890E-01
    0.400000E+01   -0.119799E+01    0.426873E+00    0.590772E+00    0.894069E+00    0.882861E-01
    0.410000E+01   -0.117019E+01    0.453013E+00    0.565430E+00    0.895642E+00    0.859143E-01
    0.420000E+01   -0.114389E+01    0.479875E+00    0.539278E+00    0.897596E+00    0.832513E-01
    0.430000E+01   -0.111909E+01    0.507177E+00    0.512579E+00    0.899857E+00    0.803876E-01
    0.440000E+01   -0.109577E+01    0.534596E+00    0.485647E+00    0.902340E+00    0.774174E-01
    0.450000E+01   -0.107390E+01    0.561797E+00    0.458814E+00    0.904960E+00    0.744290E-01
    0.460000E+01   -0.105340E+01    0.588463E+00    0.432401E+00    0.907639E+00    0.714973E-01
    0.470000E+01   -0.103421E+01    0.614314E+00    0.406692E+00    0.910313E+00    0.686805E-01
    0.480000E+01   -0.101626E+01    0.639129E+00    0.381921E+00    0.912931E+00    0.660183E-01
    0.490000E+01   -0.999469E+00    0.662746E+00    0.358262E+00    0.915456E+00    0.635348E-01
    0.500000E+01   -0.983758E+00    0.685061E+00    0.335833E+00    0.917866E+00    0.612406E-01
    0.510000E+01   -0.969053E+00    0.706019E+00    0.314698E+00    0.920147E+00    0.591366E-01
    0.520000E+01   -0.955281E+00    0.725608E+00    0.294881E+00    0.922294E+00    0.572171E-01
    0.530000E+01   -0.942375E+00    0.743848E+00    0.276374E+00    0.924306E+00    0.554720E-01
    0.540000E+01   -0.930270E+00    0.760782E+00    0.259141E+00    0.926187E+00    0.538890E-01
    0.550000E+01   -0.918907E+00    0.776469E+00    0.243132E+00    0.927944E+00    0.524549E-01
    0.560000E+01   -0.908230E+00    0.790977E+00    0.228284E+00    0.929583E+00    0.511562E-01
    0.570000E+01   -0.898187E+00    0.804379E+00    0.214528E+00    0.931112E+00    0.499800E-01
    0.580000E+01   -0.888731E+00    0.816753E+00    0.201794E+00    0.932540E+00    0.489139E-01
    0.590000E+01   -0.879819E+00    0.828173E+00    0.190008E+00    0.933873E+00    0.479470E-01
    0.600000E+01   -0.871408E+00    0.838712E+00    0.179100E+00    0.935119E+00    0.470688E-01
    0.610000E+01   -0.863464E+00    0.848441E+00    0.169004E+00    0.936285E+00    0.462701E-01
    0.620000E+01   -0.855951E+00    0.857426E+00    0.159654E+00    0.937378E+00    0.455428E-01
    0.630000E+01   -0.848838E+00    0.865727E+00    0.150990E+00    0.938403E+00    0.448793E-01
    0.640000E+01   -0.842096E+00    0.873404E+00    0.142957E+00    0.939366E+00    0.442731E-01
    0.650000E+01   -0.835700E+00    0.880507E+00    0.135502E+00    0.940273E+00    0.437184E-01
    0.660000E+01   -0.829625E+00    0.887086E+00    0.128578E+00    0.941126E+00    0.432098E-01
    0.670000E+01   -0.823849E+00    0.893186E+00    0.122140E+00    0.941931E+00    0.427429E-01
    0.680000E+01   -0.818351E+00    0.898846E+00    0.116149E+00    0.942692E+00    0.423135E-01
    0.690000E+01   -0.813113E+00    0.904104E+00    0.110567E+00    0.943411E+00    0.419179E-01
    0.700000E+01   -0.808118E+00    0.908994E+00    0.105361E+00    0.944092E+00    0.415530E-01
    0.710000E+01   -0.803349E+00    0.913546E+00    0.100501E+00    0.944738E+00    0.412157E-01
    0.720000E+01   -0.798793E+00    0.917788E+00    0.959583E-01    0.945350E+00    0.409037E-01
    0.730000E+01   -0.794435E+00    0.921745E+00    0.917079E-01    0.945933E+00    0.406144E-01
    0.740000E+01   -0.790264E+00    0.925441E+00    0.877265E-01    0.946486E+00    0.403460E-01
    0.750000E+01   -0.786261E+00    0.928898E+00    0.839922E-01    0.947014E+00    0.400961E-01
    0.760000E+01   -0.782426E+00    0.932132E+00    0.804873E-01    0.947517E+00    0.398638E-01
    0.770000E+01   -0.778745E+00    0.935163E+00    0.771937E-01    0.947996E+00    0.396473E-01
    0.780000E+01   -0.775210E+00    0.938005E+00    0.740955E-01    0.948454E+00    0.394454E-01
    0.790000E+01   -0.771814E+00    0.940673E+00    0.711781E-01    0.948892E+00    0.392569E-01
    0.800000E+01   -0.768549E+00    0.943181E+00    0.684283E-01    0.949311E+00    0.390805E-01
    0.810000E+01   -0.765407E+00    0.945540E+00    0.658337E-01    0.949711E+00    0.389155E-01
    0.820000E+01   -0.762384E+00    0.947761E+00    0.633833E-01    0.950095E+00    0.387608E-01
    0.830000E+01   -0.759478E+00    0.949854E+00    0.610672E-01    0.950463E+00    0.386159E-01
    0.840000E+01   -0.756637E+00    0.951831E+00    0.588737E-01    0.950817E+00    0.384788E-01
    0.850000E+01   -0.753921E+00    0.953696E+00    0.567975E-01    0.951156E+00    0.383505E-01
    0.860000E+01   -0.751297E+00    0.955459E+00    0.548293E-01    0.951482E+00    0.382298E-01
    0.870000E+01   -0.748762E+00    0.957127E+00    0.529620E-01    0.951795E+00    0.381160E-01
    0.880000E+01   -0.746312E+00    0.958706E+00    0.511888E-01    0.952097E+00    0.380087E-01
    0.890000E+01   -0.743943E+00    0.960202E+00    0.495038E-01    0.952387E+00    0.379075E-01
    0.900000E+01   -0.741650E+00    0.961620E+00    0.479010E-01    0.952667E+00    0.378119E-01
    0.910000E+01   -0.739432E+00    0.962967E+00    0.463755E-01    0.952936E+00    0.377215E-01
    0.920000E+01   -0.737283E+00    0.964246E+00    0.449223E-01    0.953196E+00    0.376359E-01
    0.930000E+01   -0.735208E+00    0.965461E+00    0.435372E-01    0.953447E+00    0.375551E-01
    0.940000E+01   -0.733156E+00    0.966618E+00    0.422148E-01    0.953689E+00    0.374779E-01
    0.950000E+01   -0.731191E+00    0.967719E+00    0.409530E-01    0.953923E+00    0.374051E-01
    0.960000E+01   -0.729286E+00    0.968768E+00    0.397476E-01    0.954149E+00    0.373360E-01
    0.970000E+01   -0.727435E+00    0.969767E+00    0.385952E-01    0.954367E+00    0.372703E-01
    0.980000E+01   -0.725639E+00    0.970721E+00    0.374929E-01    0.954578E+00    0.372080E-01
    0.990000E+01   -0.723895E+00    0.971631E+00    0.364378E-01    0.954783E+00    0.371487E-01
    0.100000E+02   -0.722231E+00    0.972500E+00    0.354277E-01    0.954980E+00    0.370925E-01
