    0.000000E+00   -0.324239E+01    0.000000E+00    0.000000E+00    0.000000E+00    0.000000E+00
    0.100000E+00   -0.317367E+01   -0.000000E+00   -0.000000E+00    0.000000E+00    0.000000E+00
    0.200000E+00   -0.310573E+01   -0.000000E+00   -0.000000E+00    0.000000E+00    0.000000E+00
    0.300000E+00   -0.303851E+01    0.152061E-37   -0.481781E-39   -0.183886E-37    0.229417E-38
    0.400000E+00   -0.297198E+01    0.736437E-47   -0.122221E-45   -0.249935E-47    0.122914E-45
    0.500000E+00   -0.290614E+01   -0.464655E-54   -0.817752E-53    0.124590E-53    0.788616E-53
    0.600000E+00   -0.284099E+01   -0.419022E-61   -0.650648E-60    0.121051E-60    0.613211E-60
    0.700000E+00   -0.277652E+01   -0.491996E-68   -0.680877E-67    0.148622E-67    0.628244E-67
    0.800000E+00   -0.271276E+01   -0.813740E-75   -0.100354E-73    0.250907E-74    0.908095E-74
    0.900000E+00   -0.264973E+01   -0.189386E-81   -0.208124E-80    0.585650E-81    0.185029E-80
    0.100000E+01   -0.258747E+01   -0.128996E-29   -0.126407E-28    0.394960E-29    0.110616E-28
    0.110000E+01   -0.252601E+01   -0.662795E-36   -0.579029E-35    0.198557E-35    0.500082E-35
    0.120000E+01   -0.246539E+01   -0.500863E-42   -0.390613E-41    0.145555E-41    0.333827E-41
    0.130000E+01   -0.240567E+01   -0.577035E-48   -0.402175E-47    0.161311E-47    0.341274E-47
    0.140000E+01   -0.234689E+01   -0.953903E-54   -0.594801E-53    0.254394E-53    0.503244E-53
    0.150000E+01   -0.228910E+01   -0.222241E-59   -0.124078E-58    0.560495E-59    0.105197E-58
    0.160000E+01   -0.223236E+01   -0.712906E-65   -0.356447E-64    0.168433E-64    0.304630E-64
    0.170000E+01   -0.217671E+01   -0.296331E-70   -0.132618E-69    0.649273E-70    0.115017E-69
    0.180000E+01   -0.212220E+01   -0.159895E-75   -0.639659E-75    0.321480E-75    0.567110E-75
    0.190000E+01   -0.206886E+01   -0.114402E-80   -0.408272E-80    0.208819E-80    0.372901E-80
    0.200000E+01   -0.201670E+01   -0.103773E-85   -0.329498E-85    0.170127E-85    0.312555E-85
    0.210000E+01   -0.196576E+01   -0.117035E-90   -0.329550E-90    0.170446E-90    0.327401E-90
    0.220000E+01   -0.191604E+01   -0.592620E-30   -0.147413E-29    0.757506E-30    0.154796E-29
    0.230000E+01   -0.186754E+01    0.192797E-38    0.421411E-38   -0.213462E-38   -0.472190E-38
    0.240000E+01   -0.182026E+01    0.412145E-43    0.786427E-43   -0.388423E-43   -0.951115E-43
    0.250000E+01   -0.177419E+01    0.204656E-31    0.337824E-31   -0.160479E-31   -0.446859E-31
    0.260000E+01   -0.172934E+01   -0.832952E-30   -0.117494E-29    0.525488E-30    0.172835E-29
    0.270000E+01   -0.168568E+01    0.428108E-55    0.507143E-55   -0.206398E-55   -0.847290E-55
    0.280000E+01   -0.164321E+01    0.187729E-59    0.182130E-59   -0.633033E-60   -0.355487E-59
    0.290000E+01   -0.160192E+01   -0.200752E-22   -0.157667E-22    0.765134E-23    0.357033E-22
    0.300000E+01   -0.156180E+01    0.277517E-17   -0.777387E-17    0.151337E-16   -0.433354E-17
    0.310000E+01   -0.152284E+01   -0.113951E-24   -0.429505E-25   -0.918515E-26    0.191665E-24
    0.320000E+01   -0.148503E+01   -0.640039E-25   -0.122653E-25   -0.137574E-25    0.103785E-24
    0.330000E+01   -0.144836E+01    0.385127E-31    0.449153E-33    0.133529E-31   -0.602537E-31
    0.340000E+01   -0.141284E+01   -0.174889E-28    0.287224E-29   -0.817851E-29    0.262010E-28
    0.350000E+01   -0.137846E+01   -0.193985E-32    0.643502E-33   -0.115972E-32    0.282154E-32
    0.360000E+01   -0.134523E+01   -0.131535E-23    0.652656E-24   -0.906824E-24    0.179170E-23
    0.370000E+01   -0.131315E+01   -0.166468E-27    0.107662E-27   -0.136472E-27    0.223032E-27
    0.380000E+01   -0.128222E+01   -0.164345E-27    0.129698E-27   -0.150465E-27    0.210388E-27
    0.390000E+01   -0.125247E+01   -0.218739E-31    0.200941E-31   -0.217252E-31    0.265099E-31
    0.400000E+01   -0.122391E+01   -0.136475E-28    0.140807E-28   -0.140114E-28    0.150634E-28
    0.410000E+01   -0.119655E+01   -0.160163E-32    0.180728E-32   -0.175872E-32    0.171165E-32
    0.420000E+01   -0.117041E+01   -0.630490E-29    0.804574E-29   -0.126381E-28    0.132274E-28
    0.430000E+01   -0.114549E+01    0.196668E-24   -0.248401E-24    0.221843E-24   -0.180971E-24
    0.440000E+01   -0.112180E+01    0.182122E-28   -0.237090E-28    0.202222E-28   -0.152903E-28
    0.450000E+01   -0.109933E+01    0.951118E-25   -0.124258E-24    0.899601E-25   -0.581373E-25
    0.460000E+01   -0.107808E+01    0.637769E-29   -0.850321E-29    0.656794E-29   -0.434388E-29
    0.470000E+01   -0.105801E+01    0.187981E-24   -0.251223E-24    0.188114E-24   -0.119231E-24
    0.480000E+01   -0.103909E+01    0.143885E-28   -0.191225E-28    0.135273E-28   -0.809141E-29
    0.490000E+01   -0.102129E+01   -0.780899E-26    0.106112E-25   -0.709291E-26    0.734492E-26
    0.500000E+01   -0.100455E+01   -0.937566E-30    0.123137E-29   -0.818329E-30    0.461286E-30
    0.510000E+01   -0.988825E+00   -0.884615E-34    0.114778E-33   -0.704423E-34    0.368396E-34
    0.520000E+01   -0.974056E+00   -0.865562E-38    0.111363E-37   -0.650194E-38    0.324339E-38
    0.530000E+01   -0.960186E+00   -0.967143E-42    0.123562E-41   -0.690870E-42    0.330542E-42
    0.540000E+01   -0.947159E+00    0.623057E-23   -0.953451E-23    0.800662E-23   -0.149130E-22
    0.550000E+01   -0.934919E+00    0.257932E-26   -0.329773E-26    0.195962E-26   -0.103143E-26
    0.560000E+01   -0.923413E+00    0.473709E-30   -0.598116E-30    0.306589E-30   -0.134969E-30
    0.570000E+01   -0.912590E+00    0.997767E-34   -0.125598E-33    0.615589E-34   -0.254988E-34
    0.580000E+01   -0.902401E+00    0.246132E-37   -0.309551E-37    0.147653E-37   -0.588575E-38
    0.590000E+01   -0.892802E+00    0.752876E-41   -0.947109E-41    0.441935E-41   -0.170249E-41
    0.600000E+01   -0.883750E+00    0.265133E-44   -0.333929E-44    0.152900E-44   -0.569841E-45
    0.610000E+01   -0.875206E+00    0.103360E-47   -0.131541E-47    0.620308E-48   -0.215900E-48
    0.620000E+01   -0.867132E+00    0.578455E-51   -0.737655E-51    0.341218E-51   -0.115453E-51
    0.630000E+01   -0.859496E+00    0.153602E-72   -0.196527E-72    0.889577E-73   -0.290495E-73
    0.640000E+01   -0.852266E+00   -0.309727E-28    0.380313E-28    0.616227E-29   -0.130843E-28
    0.650000E+01   -0.845418E+00    0.106126E-78   -0.134861E-78    0.562096E-79   -0.171428E-79
    0.660000E+01   -0.838917E+00    0.134175E-81   -0.171351E-81    0.711330E-82   -0.209470E-82
    0.670000E+01   -0.832742E+00    0.226826E-84   -0.291117E-84    0.120448E-84   -0.342597E-85
    0.680000E+01   -0.826872E+00    0.428189E-87   -0.552526E-87    0.228036E-87   -0.626395E-88
    0.690000E+01   -0.821279E+00    0.276301E-90   -0.362620E-90    0.154788E-90   -0.421035E-91
    0.700000E+01   -0.815956E+00    0.514988E-93   -0.679306E-93    0.287412E-93   -0.763605E-94
    0.710000E+01   -0.810886E+00   -0.560117E-27    0.645835E-27   -0.168923E-28   -0.104617E-26
    0.720000E+01   -0.806036E+00   -0.177061E-30    0.230092E-30   -0.454909E-31   -0.485650E-31
    0.730000E+01   -0.801407E+00   -0.585031E-33    0.779910E-33   -0.302634E-33    0.398705E-34
    0.740000E+01   -0.796981E+00   -0.223639E-35    0.300758E-35   -0.123838E-35    0.269652E-36
    0.750000E+01   -0.792745E+00   -0.175618E-37    0.238016E-37   -0.992054E-38    0.219564E-38
    0.760000E+01   -0.788687E+00   -0.875608E-40    0.119432E-39   -0.499880E-40    0.108216E-40
    0.770000E+01   -0.784801E+00   -0.505633E-39    0.688453E-39   -0.284114E-39    0.583557E-40
    0.780000E+01   -0.781063E+00   -0.787028E-42    0.108200E-41   -0.448409E-42    0.912698E-43
    0.790000E+01   -0.777479E+00   -0.583362E-44    0.807746E-44   -0.335544E-44    0.661182E-45
    0.800000E+01   -0.774033E+00   -0.602197E-46    0.836634E-46   -0.347232E-46    0.662837E-47
    0.810000E+01   -0.770720E+00   -0.714573E-48    0.996544E-48   -0.414048E-48    0.764448E-49
    0.820000E+01   -0.767532E+00   -0.921658E-50    0.129261E-49   -0.537945E-50    0.959948E-51
    0.830000E+01   -0.764461E+00   -0.133423E-51    0.187872E-51   -0.782532E-52    0.135142E-52
    0.840000E+01   -0.761501E+00   -0.207853E-53    0.295045E-53   -0.123330E-53    0.205615E-54
    0.850000E+01   -0.758646E+00   -0.449213E-55    0.640687E-55   -0.268005E-55    0.432485E-56
    0.860000E+01   -0.755892E+00   -0.785147E-57    0.112647E-56   -0.472298E-57    0.737082E-58
    0.870000E+01   -0.753232E+00   -0.195549E-58    0.282133E-58   -0.118385E-58    0.178845E-59
    0.880000E+01   -0.750662E+00   -0.807175E-60    0.116821E-59   -0.490754E-60    0.718553E-61
    0.890000E+01   -0.748177E+00   -0.302299E-61    0.439943E-61   -0.185355E-61    0.262585E-62
    0.900000E+01   -0.745773E+00   -0.104006E-62    0.152217E-62   -0.642304E-63    0.881126E-64
    0.910000E+01   -0.743447E+00   -0.429596E-64    0.631012E-64   -0.266604E-64    0.354543E-65
    0.920000E+01   -0.741194E+00   -0.191297E-65    0.282488E-65   -0.119565E-65    0.154029E-66
    0.930000E+01   -0.739011E+00   -0.131484E-66    0.194889E-66   -0.826301E-67    0.103232E-67
    0.940000E+01   -0.736895E+00   -0.668467E-68    0.994856E-68   -0.422443E-68    0.511894E-69
    0.950000E+01   -0.734844E+00   -0.457565E-69    0.683801E-69   -0.290872E-69    0.341934E-70
    0.960000E+01   -0.732853E+00   -0.469221E-70    0.704582E-70   -0.300232E-70    0.342314E-71
    0.970000E+01   -0.730920E+00   -0.643325E-71    0.969398E-71   -0.413839E-71    0.457907E-72
    0.980000E+01   -0.729043E+00   -0.560782E-72    0.847949E-72   -0.362449E-72    0.389464E-73
    0.990000E+01   -0.727218E+00   -0.726330E-73    0.110220E-72   -0.471694E-73    0.492414E-74
    0.100000E+02   -0.725446E+00   -0.909382E-74    0.138516E-73   -0.593387E-74    0.601925E-75
