    0.000000E+00   -0.324239E+01   -0.000000E+00   -0.000000E+00    0.000000E+00    0.000000E+00
    0.100000E+00   -0.317367E+01   -0.000000E+00   -0.000000E+00    0.000000E+00    0.000000E+00
    0.200000E+00   -0.310573E+01   -0.000000E+00   -0.000000E+00    0.000000E+00    0.000000E+00
    0.300000E+00   -0.303851E+01    0.508752E-38   -0.322217E-38   -0.342047E-38    0.198997E-38
    0.400000E+00   -0.297198E+01   -0.138265E-46   -0.121467E-46    0.122239E-46    0.808864E-48
    0.500000E+00   -0.290614E+01   -0.116603E-53   -0.709476E-54    0.985004E-54   -0.435629E-55
    0.600000E+00   -0.284099E+01   -0.895376E-61   -0.611394E-61    0.765729E-61   -0.441804E-62
    0.700000E+00   -0.277652E+01   -0.903172E-68   -0.687898E-68    0.778354E-68   -0.573543E-69
    0.800000E+00   -0.271276E+01   -0.128281E-74   -0.108112E-74    0.110696E-74   -0.103441E-75
    0.900000E+00   -0.264973E+01   -0.256234E-81   -0.237006E-81    0.219527E-81   -0.259952E-82
    0.100000E+01   -0.258747E+01   -0.314408E-29   -0.316377E-29    0.264456E-29   -0.399201E-30
    0.110000E+01   -0.252601E+01   -0.138461E-35   -0.150040E-35    0.112499E-35   -0.218603E-36
    0.120000E+01   -0.246539E+01   -0.895865E-42   -0.103306E-41    0.687748E-42   -0.175688E-42
    0.130000E+01   -0.240567E+01   -0.882292E-48   -0.106727E-47    0.619438E-48   -0.214855E-48
    0.140000E+01   -0.234689E+01   -0.124353E-53   -0.155110E-53    0.759400E-54   -0.376663E-54
    0.150000E+01   -0.228910E+01   -0.245945E-59   -0.310019E-59    0.120070E-59   -0.930209E-60
    0.160000E+01   -0.223236E+01   -0.665202E-65   -0.828000E-65    0.218939E-65   -0.316156E-65
    0.170000E+01   -0.217671E+01   -0.230791E-70   -0.276436E-70    0.293906E-71   -0.139118E-70
    0.180000E+01   -0.212220E+01   -0.102460E-75   -0.114779E-75   -0.128591E-76   -0.793414E-76
    0.190000E+01   -0.206886E+01   -0.591204E-81   -0.600116E-81   -0.262293E-81   -0.598620E-81
    0.200000E+01   -0.201670E+01   -0.420475E-86   -0.372743E-86   -0.359639E-86   -0.570949E-86
    0.210000E+01   -0.196576E+01   -0.356667E-91   -0.263200E-91   -0.507222E-91   -0.674886E-91
    0.220000E+01   -0.191604E+01   -0.360251E-96   -0.205100E-96   -0.827870E-96   -0.101279E-95
    0.230000E+01   -0.186754E+01   -0.387485-101   -0.142324-101   -0.154137-100   -0.183420-100
    0.240000E+01   -0.182026E+01   -0.364052-106   -0.122037-107   -0.338503-105   -0.407241-105
    0.250000E+01   -0.177419E+01    0.161652-111    0.351747-111   -0.876735-110   -0.109786-109
    0.260000E+01   -0.172934E+01   -0.507760E-31   -0.175592E-31    0.362215E-30    0.483630E-30
    0.270000E+01   -0.168568E+01   -0.338048E-35   -0.307539E-36    0.125511E-34    0.182643E-34
    0.280000E+01   -0.164321E+01   -0.212336E-39    0.174527E-40    0.508517E-39    0.824742E-39
    0.290000E+01   -0.160192E+01   -0.140415E-43    0.319031E-44    0.233368E-43    0.432563E-43
    0.300000E+01   -0.156180E+01    0.680376E-17   -0.105877E-16   -0.763473E-18   -0.301009E-17
    0.310000E+01   -0.152284E+01   -0.438143E-25    0.206466E-25    0.361024E-25    0.971568E-25
    0.320000E+01   -0.148503E+01    0.103002E-25   -0.592064E-26   -0.565551E-26   -0.200258E-25
    0.330000E+01   -0.144836E+01   -0.971750E-24    0.651146E-24    0.319723E-24    0.168317E-23
    0.340000E+01   -0.141284E+01   -0.113210E-27    0.852211E-28    0.165994E-28    0.175200E-27
    0.350000E+01   -0.137846E+01   -0.142613E-31    0.117953E-31   -0.713641E-34    0.198461E-31
    0.360000E+01   -0.134523E+01    0.575696E-24   -0.514817E-24    0.763174E-25   -0.725223E-24
    0.370000E+01   -0.131315E+01    0.852902E-28   -0.810107E-28    0.202825E-28   -0.966654E-28
    0.380000E+01   -0.128222E+01    0.189649E-27   -0.188322E-27    0.615880E-28   -0.193675E-27
    0.390000E+01   -0.125247E+01    0.294173E-31   -0.305882E-31    0.116589E-31   -0.271923E-31
    0.400000E+01   -0.122391E+01   -0.100720E-28    0.106792E-28   -0.451367E-29    0.831541E-29
    0.410000E+01   -0.119655E+01   -0.137757E-32    0.151385E-32   -0.681298E-33    0.103592E-32
    0.420000E+01   -0.117041E+01    0.164059E-28   -0.152539E-28    0.732118E-29   -0.932642E-29
    0.430000E+01   -0.114549E+01    0.673246E-25   -0.693867E-25    0.336256E-25   -0.375735E-25
    0.440000E+01   -0.112180E+01    0.782487E-29   -0.884628E-29    0.430752E-29   -0.430126E-29
    0.450000E+01   -0.109933E+01   -0.452219E-25    0.443989E-25   -0.217634E-25    0.193999E-25
    0.460000E+01   -0.107808E+01   -0.459677E-29    0.512503E-29   -0.249047E-29    0.205311E-29
    0.470000E+01   -0.105801E+01   -0.457402E-24    0.488538E-24   -0.234959E-24    0.179056E-24
    0.480000E+01   -0.103909E+01   -0.357067E-28    0.387131E-28   -0.183710E-28    0.131339E-28
    0.490000E+01   -0.102129E+01   -0.266471E-32    0.283211E-32   -0.132204E-32    0.892382E-33
    0.500000E+01   -0.100455E+01   -0.206244E-36    0.212986E-36   -0.975877E-37    0.626176E-37
    0.510000E+01   -0.988825E+00   -0.169470E-40    0.169105E-40   -0.759303E-41    0.465716E-41
    0.520000E+01   -0.974056E+00   -0.157854E-44    0.151432E-44   -0.665483E-45    0.391867E-45
    0.530000E+01   -0.960186E+00   -0.160086E-48    0.147042E-48   -0.631776E-49    0.358349E-49
    0.540000E+01   -0.947159E+00   -0.186791E-52    0.163689E-52   -0.686940E-53    0.376257E-53
    0.550000E+01   -0.934919E+00   -0.251224E-56    0.209467E-56   -0.857809E-57    0.454531E-57
    0.560000E+01   -0.923413E+00   -0.417946E-60    0.330820E-60   -0.132075E-60    0.677884E-61
    0.570000E+01   -0.912590E+00   -0.796868E-64    0.598586E-64   -0.232802E-64    0.115833E-64
    0.580000E+01   -0.902401E+00   -0.198206E-67    0.141213E-67   -0.534524E-68    0.257966E-68
    0.590000E+01   -0.892802E+00   -0.580149E-71    0.392299E-71   -0.144418E-71    0.676176E-72
    0.600000E+01   -0.883750E+00   -0.204529E-74    0.131442E-74   -0.470302E-75    0.213640E-75
    0.610000E+01   -0.875206E+00   -0.124996E-77    0.557834E-78   -0.164811E-78    0.730001E-79
    0.620000E+01   -0.867132E+00   -0.623866E-81    0.266391E-81   -0.768344E-82    0.329884E-82
    0.630000E+01   -0.859496E+00   -0.370440E-84    0.150661E-84   -0.406739E-85    0.169245E-85
    0.640000E+01   -0.852266E+00   -0.311747E-28    0.893793E-28   -0.386379E-28    0.161860E-28
    0.650000E+01   -0.845413E+00    0.202497E-31   -0.468857E-33   -0.149587E-32    0.650926E-33
    0.660000E+01   -0.838912E+00    0.182677E-34   -0.749565E-35    0.208360E-35   -0.777721E-36
    0.670000E+01   -0.832737E+00    0.299523E-37   -0.105420E-37    0.258245E-38   -0.944597E-39
    0.680000E+01   -0.826866E+00    0.415666E-40   -0.144468E-40    0.335903E-41   -0.119044E-41
    0.690000E+01   -0.821279E+00    0.736474E-43   -0.244883E-43    0.527537E-44   -0.180975E-44
    0.700000E+01   -0.815956E+00    0.909738E-46   -0.380942E-46    0.957945E-47   -0.317323E-47
    0.710000E+01   -0.810880E+00    0.317325E-48   -0.104838E-48    0.216715E-49   -0.695399E-50
    0.720000E+01   -0.806036E+00    0.818896E-51   -0.254384E-51    0.492185E-52   -0.152825E-52
    0.730000E+01   -0.801407E+00    0.172858E-53   -0.711707E-54    0.176571E-54   -0.529498E-55
    0.740000E+01   -0.796981E+00    0.104898E-55   -0.335015E-56    0.648278E-57   -0.188207E-57
    0.750000E+01   -0.792745E+00    0.277303E-58   -0.119630E-58    0.265648E-59   -0.745160E-60
    0.760000E+01   -0.788687E+00    0.205989E-60   -0.677785E-61    0.122263E-61   -0.331885E-62
    0.770000E+01   -0.784796E+00    0.574845E-63   -0.289771E-63    0.687377E-64   -0.180251E-64
    0.780000E+01   -0.781063E+00    0.588908E-65   -0.219168E-65    0.455985E-66   -0.115705E-66
    0.790000E+01   -0.777479E+00    0.446364E-67   -0.156076E-67    0.290112E-68   -0.711798E-69
    0.800000E+01   -0.774034E+00    0.250543E-69   -0.110475E-69    0.255488E-70   -0.606229E-71
    0.810000E+01   -0.770721E+00    0.289061E-71   -0.128583E-71    0.320980E-72   -0.737140E-73
    0.820000E+01   -0.767532E+00    0.192569E-73   -0.138868E-73    0.391290E-74   -0.869129E-75
    0.830000E+01   -0.764460E+00    0.196949E-75   -0.176096E-75    0.522936E-76   -0.112369E-76
    0.840000E+01   -0.761501E+00    0.552189E-77   -0.331803E-77    0.866728E-78   -0.180236E-78
    0.850000E+01   -0.758646E+00    0.548182E-79   -0.483825E-79    0.135184E-79   -0.271955E-80
    0.860000E+01   -0.755891E+00    0.194613E-80   -0.931170E-81    0.202770E-81   -0.394853E-82
    0.870000E+01   -0.753231E+00    0.484164E-82   -0.203581E-82    0.395795E-83   -0.746254E-84
    0.880000E+01   -0.750661E+00    0.808676E-84   -0.526383E-84    0.125985E-84   -0.230113E-85
    0.890000E+01   -0.748177E+00    0.445903E-85   -0.227425E-85    0.497252E-86   -0.879880E-87
    0.900000E+01   -0.745773E+00    0.160992E-86   -0.997675E-87    0.223125E-87   -0.382521E-88
    0.910000E+01   -0.743447E+00    0.879567E-88   -0.412761E-88    0.788790E-89   -0.131021E-89
    0.920000E+01   -0.741193E+00    0.333583E-89   -0.158562E-89    0.311508E-90   -0.501662E-91
    0.930000E+01   -0.739011E+00    0.116001E-90   -0.756252E-91    0.162792E-91   -0.254092E-92
    0.940000E+01   -0.736896E+00    0.945749E-92   -0.567115E-92    0.115522E-92   -0.174935E-93
    0.950000E+01   -0.734843E+00    0.397770E-93   -0.287247E-93    0.624608E-94   -0.917234E-95
    0.960000E+01   -0.732852E+00    0.497183E-94   -0.315745E-94    0.642259E-95   -0.915822E-96
    0.970000E+01   -0.730918E+00    0.556526E-95   -0.311801E-95    0.593040E-96   -0.820857E-97
    0.980000E+01   -0.729043E+00    0.464667E-96   -0.397988E-96    0.845374E-97   -0.113609E-97
    0.990000E+01   -0.727217E+00    0.836265E-97   -0.520766E-97    0.101047E-97   -0.131867E-98
    0.100000E+02   -0.725446E+00    0.110909E-97   -0.774414E-98    0.149409E-98   -0.189384E-99
