    0.000000E+00    0.268547E-02    0.260348E-01   -0.297330E-01    0.101275E-02
    0.100000E+00    0.291541E-02    0.271125E-01   -0.311305E-01    0.110255E-02
    0.200000E+00    0.316324E-02    0.281968E-01   -0.325597E-01    0.119973E-02
    0.300000E+00    0.343004E-02    0.292830E-01   -0.340178E-01    0.130479E-02
    0.400000E+00    0.371692E-02    0.303661E-01   -0.355013E-01    0.141828E-02
    0.500000E+00    0.402501E-02    0.314408E-01   -0.370066E-01    0.154075E-02
    0.600000E+00    0.435546E-02    0.325016E-01   -0.385298E-01    0.167278E-02
    0.700000E+00    0.470944E-02    0.335425E-01   -0.400669E-01    0.181497E-02
    0.800000E+00    0.508813E-02    0.345574E-01   -0.416135E-01    0.196796E-02
    0.900000E+00    0.549268E-02    0.355399E-01   -0.431650E-01    0.213240E-02
    0.100000E+01    0.592425E-02    0.364835E-01   -0.447167E-01    0.230897E-02
    0.110000E+01    0.638396E-02    0.373814E-01   -0.462637E-01    0.249836E-02
    0.120000E+01    0.687284E-02    0.382267E-01   -0.478008E-01    0.270128E-02
    0.130000E+01    0.739186E-02    0.390124E-01   -0.493228E-01    0.291845E-02
    0.140000E+01    0.794187E-02    0.397315E-01   -0.508240E-01    0.315058E-02
    0.150000E+01    0.852353E-02    0.403767E-01   -0.522986E-01    0.339836E-02
    0.160000E+01    0.913728E-02    0.409409E-01   -0.537406E-01    0.366246E-02
    0.170000E+01    0.978327E-02    0.414166E-01   -0.551434E-01    0.394348E-02
    0.180000E+01    0.104613E-01    0.417968E-01   -0.565001E-01    0.424194E-02
    0.190000E+01    0.111706E-01    0.420743E-01   -0.578032E-01    0.455824E-02
    0.200000E+01    0.119101E-01    0.422419E-01   -0.590446E-01    0.489261E-02
    0.210000E+01    0.126776E-01    0.422928E-01   -0.602155E-01    0.524505E-02
    0.220000E+01    0.134705E-01    0.422206E-01   -0.613064E-01    0.561530E-02
    0.230000E+01    0.142850E-01    0.420190E-01   -0.623067E-01    0.600273E-02
    0.240000E+01    0.151162E-01    0.416826E-01   -0.632051E-01    0.640628E-02
    0.250000E+01    0.159580E-01    0.412069E-01   -0.639893E-01    0.682437E-02
    0.260000E+01    0.168030E-01    0.405884E-01   -0.646462E-01    0.725481E-02
    0.270000E+01    0.176423E-01    0.398248E-01   -0.651619E-01    0.769473E-02
    0.280000E+01    0.184657E-01    0.389161E-01   -0.655223E-01    0.814050E-02
    0.290000E+01    0.192615E-01    0.378638E-01   -0.657130E-01    0.858772E-02
    0.300000E+01    0.200170E-01    0.366722E-01   -0.657203E-01    0.903115E-02
    0.310000E+01    0.207185E-01    0.353483E-01   -0.655316E-01    0.946485E-02
    0.320000E+01    0.213521E-01    0.339018E-01   -0.651361E-01    0.988219E-02
    0.330000E+01    0.219039E-01    0.323456E-01   -0.645257E-01    0.102761E-01
    0.340000E+01    0.223610E-01    0.306955E-01   -0.636958E-01    0.106393E-01
    0.350000E+01    0.227119E-01    0.289699E-01   -0.626463E-01    0.109646E-01
    0.360000E+01    0.229473E-01    0.271891E-01   -0.613816E-01    0.112451E-01
    0.370000E+01    0.230610E-01    0.253753E-01   -0.599113E-01    0.114750E-01
    0.380000E+01    0.230500E-01    0.235507E-01   -0.582500E-01    0.116493E-01
    0.390000E+01    0.229147E-01    0.217377E-01   -0.564170E-01    0.117645E-01
    0.400000E+01    0.226593E-01    0.199573E-01   -0.544354E-01    0.118189E-01
    0.410000E+01    0.222910E-01    0.182284E-01   -0.523315E-01    0.118121E-01
    0.420000E+01    0.218202E-01    0.165673E-01   -0.501331E-01    0.117456E-01
    0.430000E+01    0.212590E-01    0.149873E-01   -0.478687E-01    0.116224E-01
    0.440000E+01    0.206214E-01    0.134983E-01   -0.455663E-01    0.114467E-01
    0.450000E+01    0.199216E-01    0.121072E-01   -0.432523E-01    0.112236E-01
    0.460000E+01    0.191742E-01    0.108175E-01   -0.409507E-01    0.109590E-01
    0.470000E+01    0.183932E-01    0.963019E-02   -0.386827E-01    0.106593E-01
    0.480000E+01    0.175914E-01    0.854406E-02   -0.364663E-01    0.103308E-01
    0.490000E+01    0.167804E-01    0.755592E-02   -0.343162E-01    0.997983E-02
    0.500000E+01    0.159703E-01    0.666126E-02   -0.322439E-01    0.961228E-02
    0.510000E+01    0.151697E-01    0.585461E-02   -0.302580E-01    0.923365E-02
    0.520000E+01    0.143855E-01    0.512990E-02   -0.283643E-01    0.884890E-02
    0.530000E+01    0.136233E-01    0.448077E-02   -0.265664E-01    0.846235E-02
    0.540000E+01    0.128873E-01    0.390080E-02   -0.248658E-01    0.807774E-02
    0.550000E+01    0.121805E-01    0.338370E-02   -0.232624E-01    0.769822E-02
    0.560000E+01    0.115049E-01    0.292343E-02   -0.217546E-01    0.732634E-02
    0.570000E+01    0.108617E-01    0.251432E-02   -0.203402E-01    0.696418E-02
    0.580000E+01    0.102514E-01    0.215107E-02   -0.190158E-01    0.661331E-02
    0.590000E+01    0.967401E-02    0.182881E-02   -0.177777E-01    0.627491E-02
    0.600000E+01    0.912892E-02    0.154310E-02   -0.166218E-01    0.594982E-02
    0.610000E+01    0.861534E-02    0.128992E-02   -0.155438E-01    0.563854E-02
    0.620000E+01    0.813220E-02    0.106566E-02   -0.145392E-01    0.534134E-02
    0.630000E+01    0.767824E-02    0.867056E-03   -0.136036E-01    0.505830E-02
    0.640000E+01    0.725212E-02    0.691223E-03   -0.127326E-01    0.478931E-02
    0.650000E+01    0.685242E-02    0.535579E-03   -0.119221E-01    0.453412E-02
    0.660000E+01    0.647769E-02    0.397833E-03   -0.111679E-01    0.429239E-02
    0.670000E+01    0.612649E-02    0.275952E-03   -0.104662E-01    0.406371E-02
    0.680000E+01    0.579742E-02    0.168137E-03   -0.981316E-02    0.384761E-02
    0.690000E+01    0.548909E-02    0.727972E-04   -0.920545E-02    0.364356E-02
    0.700000E+01    0.520018E-02   -0.114766E-04   -0.863975E-02    0.345104E-02
    0.710000E+01    0.492943E-02   -0.859283E-04   -0.811300E-02    0.326949E-02
    0.720000E+01    0.467564E-02   -0.151658E-03   -0.762235E-02    0.309837E-02
    0.730000E+01    0.443768E-02   -0.209638E-03   -0.716515E-02    0.293712E-02
    0.740000E+01    0.421446E-02   -0.260729E-03   -0.673894E-02    0.278520E-02
    0.750000E+01    0.400500E-02   -0.305691E-03   -0.634142E-02    0.264211E-02
    0.760000E+01    0.380836E-02   -0.345197E-03   -0.597048E-02    0.250732E-02
    0.770000E+01    0.362366E-02   -0.379845E-03   -0.562417E-02    0.238036E-02
    0.780000E+01    0.345008E-02   -0.410162E-03   -0.530067E-02    0.226076E-02
    0.790000E+01    0.328686E-02   -0.436618E-03   -0.499832E-02    0.214808E-02
    0.800000E+01    0.313331E-02   -0.459628E-03   -0.471557E-02    0.204189E-02
    0.810000E+01    0.298875E-02   -0.479563E-03   -0.445100E-02    0.194181E-02
    0.820000E+01    0.285259E-02   -0.496750E-03   -0.420330E-02    0.184746E-02
    0.830000E+01    0.272426E-02   -0.511483E-03   -0.397126E-02    0.175848E-02
    0.840000E+01    0.260323E-02   -0.524023E-03   -0.375376E-02    0.167454E-02
    0.850000E+01    0.248903E-02   -0.534600E-03   -0.354976E-02    0.159533E-02
    0.860000E+01    0.238119E-02   -0.543424E-03   -0.335832E-02    0.152056E-02
    0.870000E+01    0.227930E-02   -0.550678E-03   -0.317856E-02    0.144994E-02
    0.880000E+01    0.218297E-02   -0.556529E-03   -0.300967E-02    0.138323E-02
    0.890000E+01    0.209184E-02   -0.561123E-03   -0.285090E-02    0.132018E-02
    0.900000E+01    0.200559E-02   -0.564595E-03   -0.270156E-02    0.126057E-02
    0.910000E+01    0.192389E-02   -0.567062E-03   -0.256101E-02    0.120418E-02
    0.920000E+01    0.184647E-02   -0.568630E-03   -0.242865E-02    0.115081E-02
    0.930000E+01    0.177305E-02   -0.569396E-03   -0.230394E-02    0.110029E-02
    0.940000E+01    0.170339E-02   -0.569445E-03   -0.218638E-02    0.105244E-02
    0.950000E+01    0.163725E-02   -0.568855E-03   -0.207549E-02    0.100710E-02
    0.960000E+01    0.157442E-02   -0.567694E-03   -0.197084E-02    0.964110E-03
    0.970000E+01    0.151471E-02   -0.566025E-03   -0.187203E-02    0.923343E-03
    0.980000E+01    0.145793E-02   -0.563903E-03   -0.177868E-02    0.884661E-03
    0.990000E+01    0.140389E-02   -0.561381E-03   -0.169046E-02    0.847942E-03
    0.100000E+02    0.135245E-02   -0.558502E-03   -0.160702E-02    0.813069E-03
    0.101000E+02    0.130345E-02   -0.555309E-03   -0.152808E-02    0.779937E-03
    0.102000E+02    0.125675E-02   -0.551838E-03   -0.145336E-02    0.748445E-03
    0.103000E+02    0.121222E-02   -0.548122E-03   -0.138260E-02    0.718496E-03
    0.104000E+02    0.116974E-02   -0.544193E-03   -0.131556E-02    0.690004E-03
    0.105000E+02    0.112919E-02   -0.540076E-03   -0.125201E-02    0.662884E-03
    0.106000E+02    0.109047E-02   -0.535797E-03   -0.119174E-02    0.637065E-03
    0.107000E+02    0.105348E-02   -0.531378E-03   -0.113457E-02    0.612472E-03
    0.108000E+02    0.101811E-02   -0.526838E-03   -0.108030E-02    0.589031E-03
    0.109000E+02    0.984290E-03   -0.522197E-03   -0.102878E-02    0.566683E-03
    0.110000E+02    0.951935E-03   -0.517470E-03   -0.979834E-03    0.545369E-03
    0.111000E+02    0.920960E-03   -0.512672E-03   -0.933322E-03    0.525029E-03
    0.112000E+02    0.891301E-03   -0.507816E-03   -0.889105E-03    0.505619E-03
    0.113000E+02    0.862884E-03   -0.502915E-03   -0.847052E-03    0.487080E-03
    0.114000E+02    0.835650E-03   -0.497979E-03   -0.807043E-03    0.469368E-03
    0.115000E+02    0.809535E-03   -0.493018E-03   -0.768965E-03    0.452446E-03
    0.116000E+02    0.784485E-03   -0.488041E-03   -0.732711E-03    0.436270E-03
    0.117000E+02    0.760446E-03   -0.483055E-03   -0.698182E-03    0.420790E-03
    0.118000E+02    0.737369E-03   -0.478069E-03   -0.665284E-03    0.405983E-03
    0.119000E+02    0.715203E-03   -0.473088E-03   -0.633929E-03    0.391816E-03
    0.120000E+02    0.693910E-03   -0.468118E-03   -0.604036E-03    0.378238E-03
    0.121000E+02    0.673441E-03   -0.463164E-03   -0.575526E-03    0.365249E-03
    0.122000E+02    0.653764E-03   -0.458231E-03   -0.548327E-03    0.352793E-03
    0.123000E+02    0.634835E-03   -0.453324E-03   -0.522372E-03    0.340861E-03
    0.124000E+02    0.616622E-03   -0.448444E-03   -0.497594E-03    0.329416E-03
    0.125000E+02    0.599093E-03   -0.443598E-03   -0.473935E-03    0.318442E-03
    0.126000E+02    0.582213E-03   -0.438785E-03   -0.451337E-03    0.307908E-03
    0.127000E+02    0.565958E-03   -0.434011E-03   -0.429746E-03    0.297803E-03
    0.128000E+02    0.550291E-03   -0.429276E-03   -0.409112E-03    0.288097E-03
    0.129000E+02    0.535194E-03   -0.424582E-03   -0.389386E-03    0.278777E-03
    0.130000E+02    0.520636E-03   -0.419933E-03   -0.370525E-03    0.269821E-03
    0.131000E+02    0.506599E-03   -0.415328E-03   -0.352486E-03    0.261218E-03
    0.132000E+02    0.493052E-03   -0.410769E-03   -0.335228E-03    0.252945E-03
    0.133000E+02    0.479982E-03   -0.406258E-03   -0.318714E-03    0.244992E-03
    0.134000E+02    0.467365E-03   -0.401795E-03   -0.302907E-03    0.237341E-03
    0.135000E+02    0.455180E-03   -0.397382E-03   -0.287775E-03    0.229979E-03
    0.136000E+02    0.443409E-03   -0.393018E-03   -0.273284E-03    0.222893E-03
    0.137000E+02    0.432038E-03   -0.388704E-03   -0.259406E-03    0.216072E-03
    0.138000E+02    0.421047E-03   -0.384440E-03   -0.246110E-03    0.209503E-03
    0.139000E+02    0.410422E-03   -0.380228E-03   -0.233370E-03    0.203176E-03
    0.140000E+02    0.400146E-03   -0.376067E-03   -0.221161E-03    0.197079E-03
    0.141000E+02    0.390209E-03   -0.371957E-03   -0.209457E-03    0.191204E-03
    0.142000E+02    0.380593E-03   -0.367898E-03   -0.198236E-03    0.185539E-03
    0.143000E+02    0.371287E-03   -0.363890E-03   -0.187476E-03    0.180076E-03
    0.144000E+02    0.362279E-03   -0.359933E-03   -0.177156E-03    0.174808E-03
    0.145000E+02    0.353556E-03   -0.356027E-03   -0.167256E-03    0.169725E-03
    0.146000E+02    0.345108E-03   -0.352172E-03   -0.157758E-03    0.164820E-03
    0.147000E+02    0.336924E-03   -0.348367E-03   -0.148644E-03    0.160086E-03
    0.148000E+02    0.328994E-03   -0.344619E-03   -0.139895E-03    0.155510E-03
    0.149000E+02    0.321307E-03   -0.340906E-03   -0.131501E-03    0.151099E-03
    0.150000E+02    0.313855E-03   -0.337250E-03   -0.123440E-03    0.146834E-03
    0.151000E+02    0.306629E-03   -0.333643E-03   -0.115701E-03    0.142713E-03
    0.152000E+02    0.299621E-03   -0.330085E-03   -0.108269E-03    0.138732E-03
    0.153000E+02    0.292821E-03   -0.326574E-03   -0.101131E-03    0.134882E-03
    0.154000E+02    0.286223E-03   -0.323111E-03   -0.942754E-04    0.131161E-03
    0.155000E+02    0.279820E-03   -0.319694E-03   -0.876891E-04    0.127562E-03
    0.156000E+02    0.273604E-03   -0.316324E-03   -0.813613E-04    0.124080E-03
    0.157000E+02    0.267569E-03   -0.313001E-03   -0.752813E-04    0.120712E-03
    0.158000E+02    0.261706E-03   -0.309722E-03   -0.694385E-04    0.117452E-03
    0.159000E+02    0.256013E-03   -0.306489E-03   -0.638233E-04    0.114298E-03
    0.160000E+02    0.250481E-03   -0.303299E-03   -0.584262E-04    0.111244E-03
    0.161000E+02    0.245104E-03   -0.300154E-03   -0.532385E-04    0.108286E-03
    0.162000E+02    0.239879E-03   -0.297051E-03   -0.482514E-04    0.105422E-03
    0.163000E+02    0.234800E-03   -0.293991E-03   -0.434569E-04    0.102648E-03
    0.164000E+02    0.229860E-03   -0.290974E-03   -0.388473E-04    0.999597E-04
    0.165000E+02    0.225056E-03   -0.287997E-03   -0.344151E-04    0.973547E-04
    0.166000E+02    0.220384E-03   -0.285062E-03   -0.301531E-04    0.948300E-04
    0.167000E+02    0.215838E-03   -0.282167E-03   -0.260548E-04    0.923824E-04
    0.168000E+02    0.211414E-03   -0.279311E-03   -0.221135E-04    0.900089E-04
    0.169000E+02    0.207110E-03   -0.276495E-03   -0.183231E-04    0.877079E-04
    0.170000E+02    0.202919E-03   -0.273717E-03   -0.146777E-04    0.854753E-04
    0.171000E+02    0.198839E-03   -0.270977E-03   -0.111717E-04    0.833096E-04
    0.172000E+02    0.194866E-03   -0.268275E-03   -0.779960E-05    0.812084E-04
    0.173000E+02    0.190997E-03   -0.265610E-03   -0.455617E-05    0.791691E-04
    0.174000E+02    0.187227E-03   -0.262981E-03   -0.143655E-05    0.771895E-04
    0.175000E+02    0.183555E-03   -0.260388E-03    0.156402E-05    0.752676E-04
    0.176000E+02    0.179977E-03   -0.257830E-03    0.445007E-05    0.734020E-04
    0.177000E+02    0.176490E-03   -0.255307E-03    0.722597E-05    0.715900E-04
    0.178000E+02    0.173091E-03   -0.252817E-03    0.989596E-05    0.698297E-04
    0.179000E+02    0.169777E-03   -0.250362E-03    0.124639E-04    0.681200E-04
    0.180000E+02    0.166547E-03   -0.247940E-03    0.149337E-04    0.664589E-04
    0.181000E+02    0.163396E-03   -0.245550E-03    0.173090E-04    0.648447E-04
    0.182000E+02    0.160323E-03   -0.243193E-03    0.195934E-04    0.632757E-04
    0.183000E+02    0.157325E-03   -0.240867E-03    0.217902E-04    0.617510E-04
    0.184000E+02    0.154400E-03   -0.238572E-03    0.239027E-04    0.602681E-04
    0.185000E+02    0.151547E-03   -0.236308E-03    0.259339E-04    0.588266E-04
    0.186000E+02    0.148762E-03   -0.234074E-03    0.278868E-04    0.574247E-04
    0.187000E+02    0.146043E-03   -0.231870E-03    0.297644E-04    0.560609E-04
    0.188000E+02    0.143390E-03   -0.229695E-03    0.315694E-04    0.547348E-04
    0.189000E+02    0.140799E-03   -0.227549E-03    0.333043E-04    0.534444E-04
    0.190000E+02    0.138269E-03   -0.225430E-03    0.349717E-04    0.521887E-04
    0.191000E+02    0.135799E-03   -0.223341E-03    0.365741E-04    0.509668E-04
    0.192000E+02    0.133386E-03   -0.221278E-03    0.381138E-04    0.497775E-04
    0.193000E+02    0.131029E-03   -0.219242E-03    0.395931E-04    0.486197E-04
    0.194000E+02    0.128726E-03   -0.217233E-03    0.410140E-04    0.474925E-04
    0.195000E+02    0.126475E-03   -0.215250E-03    0.423788E-04    0.463951E-04
    0.196000E+02    0.124276E-03   -0.213293E-03    0.436893E-04    0.453264E-04
    0.197000E+02    0.122127E-03   -0.211361E-03    0.449476E-04    0.442855E-04
    0.198000E+02    0.120026E-03   -0.209454E-03    0.461554E-04    0.432716E-04
    0.199000E+02    0.117972E-03   -0.207571E-03    0.473146E-04    0.422840E-04
    0.200000E+02    0.115964E-03   -0.205713E-03    0.484267E-04    0.413216E-04
