    0.000000E+00   -0.324239E+01    0.134273E-01    0.260348E+00   -0.287895E+00   -0.168175E-02
    0.100000E+00   -0.317343E+01    0.145950E-01    0.271475E+00   -0.301375E+00   -0.234681E-02
    0.200000E+00   -0.310485E+01    0.158944E-01    0.283430E+00   -0.316010E+00   -0.312898E-02
    0.300000E+00   -0.303669E+01    0.173411E-01    0.296255E+00   -0.331901E+00   -0.404630E-02
    0.400000E+00   -0.296900E+01    0.189515E-01    0.309971E+00   -0.349144E+00   -0.511836E-02
    0.500000E+00   -0.290184E+01    0.207420E-01    0.324571E+00   -0.367814E+00   -0.636561E-02
    0.600000E+00   -0.283526E+01    0.227273E-01    0.339999E+00   -0.387955E+00   -0.780818E-02
    0.700000E+00   -0.276936E+01    0.249193E-01    0.356139E+00   -0.409555E+00   -0.946412E-02
    0.800000E+00   -0.270420E+01    0.273243E-01    0.372792E+00   -0.432527E+00   -0.113471E-01
    0.900000E+00   -0.263987E+01    0.299406E-01    0.389668E+00   -0.456690E+00   -0.134637E-01
    0.100000E+01   -0.257645E+01    0.327563E-01    0.406391E+00   -0.481754E+00   -0.158113E-01
    0.110000E+01   -0.251404E+01    0.357481E-01    0.422521E+00   -0.507337E+00   -0.183769E-01
    0.120000E+01   -0.245270E+01    0.388817E-01    0.437590E+00   -0.532988E+00   -0.211377E-01
    0.130000E+01   -0.239250E+01    0.421164E-01    0.451163E+00   -0.558234E+00   -0.240636E-01
    0.140000E+01   -0.233349E+01    0.454127E-01    0.462877E+00   -0.582640E+00   -0.271223E-01
    0.150000E+01   -0.227570E+01    0.487423E-01    0.472466E+00   -0.605851E+00   -0.302831E-01
    0.160000E+01   -0.221914E+01    0.520887E-01    0.479774E+00   -0.627620E+00   -0.335209E-01
    0.170000E+01   -0.216383E+01    0.554408E-01    0.484750E+00   -0.647800E+00   -0.368152E-01
    0.180000E+01   -0.210975E+01    0.587882E-01    0.487434E+00   -0.666333E+00   -0.401492E-01
    0.190000E+01   -0.205688E+01    0.621212E-01    0.487929E+00   -0.683231E+00   -0.435086E-01
    0.200000E+01   -0.200521E+01    0.654323E-01    0.486380E+00   -0.698554E+00   -0.468805E-01
    0.210000E+01   -0.195471E+01    0.687160E-01    0.482951E+00   -0.712397E+00   -0.502530E-01
    0.220000E+01   -0.190536E+01    0.719691E-01    0.477814E+00   -0.724875E+00   -0.536135E-01
    0.230000E+01   -0.185714E+01    0.751898E-01    0.471135E+00   -0.736113E+00   -0.569481E-01
    0.240000E+01   -0.181004E+01    0.783775E-01    0.463075E+00   -0.746240E+00   -0.602408E-01
    0.250000E+01   -0.176403E+01    0.815321E-01    0.453781E+00   -0.755386E+00   -0.634725E-01
    0.260000E+01   -0.171910E+01    0.846541E-01    0.443386E+00   -0.763678E+00   -0.666205E-01
    0.270000E+01   -0.167523E+01    0.877439E-01    0.432008E+00   -0.771240E+00   -0.696583E-01
    0.280000E+01   -0.163243E+01    0.908016E-01    0.419748E+00   -0.778195E+00   -0.725551E-01
    0.290000E+01   -0.159069E+01    0.938267E-01    0.406688E+00   -0.784659E+00   -0.752758E-01
    0.300000E+01   -0.155001E+01    0.968166E-01    0.392894E+00   -0.790749E+00   -0.777807E-01
    0.310000E+01   -0.151039E+01    0.997659E-01    0.378414E+00   -0.796577E+00   -0.800261E-01
    0.320000E+01   -0.147185E+01    0.102665E+00    0.363278E+00   -0.802252E+00   -0.819646E-01
    0.330000E+01   -0.143438E+01    0.105496E+00    0.347501E+00   -0.807878E+00   -0.835464E-01
    0.340000E+01   -0.139802E+01    0.108234E+00    0.331086E+00   -0.813553E+00   -0.847214E-01
    0.350000E+01   -0.136279E+01    0.110839E+00    0.314028E+00   -0.819363E+00   -0.854417E-01
    0.360000E+01   -0.132871E+01    0.113257E+00    0.296327E+00   -0.825380E+00   -0.856666E-01
    0.370000E+01   -0.129582E+01    0.115413E+00    0.277996E+00   -0.831651E+00   -0.853674E-01
    0.380000E+01   -0.126415E+01    0.117216E+00    0.259083E+00   -0.838195E+00   -0.845346E-01
    0.390000E+01   -0.123375E+01    0.118559E+00    0.239684E+00   -0.844994E+00   -0.831838E-01
    0.400000E+01   -0.120466E+01    0.119331E+00    0.219958E+00   -0.851988E+00   -0.813601E-01
    0.410000E+01   -0.117692E+01    0.119427E+00    0.200133E+00   -0.859086E+00   -0.791373E-01
    0.420000E+01   -0.115054E+01    0.118771E+00    0.180493E+00   -0.866166E+00   -0.766125E-01
    0.430000E+01   -0.112555E+01    0.117327E+00    0.161350E+00   -0.873098E+00   -0.738952E-01
    0.440000E+01   -0.110194E+01    0.115108E+00    0.143011E+00   -0.879760E+00   -0.710938E-01
    0.450000E+01   -0.107971E+01    0.112180E+00    0.125742E+00   -0.886052E+00   -0.683043E-01
    0.460000E+01   -0.105881E+01    0.108642E+00    0.109742E+00   -0.891905E+00   -0.656024E-01
    0.470000E+01   -0.103920E+01    0.104621E+00    0.951291E-01   -0.897284E+00   -0.630417E-01
    0.480000E+01   -0.102084E+01    0.100250E+00    0.819502E-01   -0.902178E+00   -0.606547E-01
    0.490000E+01   -0.100364E+01    0.956559E-01    0.701886E-01   -0.906602E+00   -0.584572E-01
    0.500000E+01   -0.987558E+00    0.909531E-01    0.597813E-01   -0.910582E+00   -0.564519E-01
    0.510000E+01   -0.972509E+00    0.862374E-01    0.506350E-01   -0.914155E+00   -0.546335E-01
    0.520000E+01   -0.958426E+00    0.815853E-01    0.426399E-01   -0.917359E+00   -0.529913E-01
    0.530000E+01   -0.945241E+00    0.770549E-01    0.356795E-01   -0.920235E+00   -0.515120E-01
    0.540000E+01   -0.932890E+00    0.726881E-01    0.296387E-01   -0.922819E+00   -0.501811E-01
    0.550000E+01   -0.921311E+00    0.685132E-01    0.244078E-01   -0.925147E+00   -0.489842E-01
    0.560000E+01   -0.910444E+00    0.645473E-01    0.198856E-01   -0.927249E+00   -0.479074E-01
    0.570000E+01   -0.900236E+00    0.607990E-01    0.159804E-01   -0.929154E+00   -0.469381E-01
    0.580000E+01   -0.890636E+00    0.572704E-01    0.126107E-01   -0.930886E+00   -0.460646E-01
    0.590000E+01   -0.881597E+00    0.539589E-01    0.970449E-02   -0.932465E+00   -0.452762E-01
    0.600000E+01   -0.873078E+00    0.508582E-01    0.719886E-02   -0.933911E+00   -0.445636E-01
    0.610000E+01   -0.865039E+00    0.479600E-01    0.503914E-02   -0.935238E+00   -0.439185E-01
    0.620000E+01   -0.857443E+00    0.452544E-01    0.317801E-02   -0.936461E+00   -0.433335E-01
    0.630000E+01   -0.850258E+00    0.427307E-01    0.157463E-02   -0.937591E+00   -0.428020E-01
    0.640000E+01   -0.843453E+00    0.403779E-01    0.193807E-03   -0.938639E+00   -0.423184E-01
    0.650000E+01   -0.837002E+00    0.381850E-01   -0.994711E-03   -0.939614E+00   -0.418775E-01
    0.660000E+01   -0.830878E+00    0.361411E-01   -0.201695E-02   -0.940522E+00   -0.414748E-01
    0.670000E+01   -0.825059E+00    0.342357E-01   -0.289529E-02   -0.941371E+00   -0.411065E-01
    0.680000E+01   -0.819523E+00    0.324589E-01   -0.364896E-02   -0.942166E+00   -0.407690E-01
    0.690000E+01   -0.814250E+00    0.308014E-01   -0.429454E-02   -0.942913E+00   -0.404592E-01
    0.700000E+01   -0.809224E+00    0.292542E-01   -0.484628E-02   -0.943615E+00   -0.401744E-01
    0.710000E+01   -0.804428E+00    0.278091E-01   -0.531648E-02   -0.944278E+00   -0.399122E-01
    0.720000E+01   -0.799847E+00    0.264586E-01   -0.571575E-02   -0.944903E+00   -0.396704E-01
    0.730000E+01   -0.795467E+00    0.251954E-01   -0.605327E-02   -0.945496E+00   -0.394471E-01
    0.740000E+01   -0.791275E+00    0.240130E-01   -0.633697E-02   -0.946057E+00   -0.392406E-01
    0.750000E+01   -0.787260E+00    0.229055E-01   -0.657374E-02   -0.946590E+00   -0.390494E-01
    0.760000E+01   -0.783410E+00    0.218671E-01   -0.676955E-02   -0.947096E+00   -0.388720E-01
    0.770000E+01   -0.779717E+00    0.208927E-01   -0.692957E-02   -0.947578E+00   -0.387073E-01
    0.780000E+01   -0.776170E+00    0.199777E-01   -0.705833E-02   -0.948038E+00   -0.385542E-01
    0.790000E+01   -0.772762E+00    0.191177E-01   -0.715976E-02   -0.948476E+00   -0.384117E-01
    0.800000E+01   -0.769484E+00    0.183087E-01   -0.723729E-02   -0.948895E+00   -0.382788E-01
    0.810000E+01   -0.766329E+00    0.175469E-01   -0.729392E-02   -0.949296E+00   -0.381548E-01
    0.820000E+01   -0.763290E+00    0.168292E-01   -0.733227E-02   -0.949679E+00   -0.380390E-01
    0.830000E+01   -0.760361E+00    0.161523E-01   -0.735464E-02   -0.950047E+00   -0.379307E-01
    0.840000E+01   -0.757536E+00    0.155134E-01   -0.736306E-02   -0.950399E+00   -0.378293E-01
    0.850000E+01   -0.754810E+00    0.149098E-01   -0.735928E-02   -0.950737E+00   -0.377342E-01
    0.860000E+01   -0.752177E+00    0.143392E-01   -0.734487E-02   -0.951062E+00   -0.376451E-01
    0.870000E+01   -0.749633E+00    0.137993E-01   -0.732119E-02   -0.951375E+00   -0.375614E-01
    0.880000E+01   -0.747174E+00    0.132880E-01   -0.728945E-02   -0.951675E+00   -0.374827E-01
    0.890000E+01   -0.744794E+00    0.128036E-01   -0.725071E-02   -0.951965E+00   -0.374086E-01
    0.900000E+01   -0.742491E+00    0.123441E-01   -0.720591E-02   -0.952243E+00   -0.373389E-01
    0.910000E+01   -0.740261E+00    0.119080E-01   -0.715588E-02   -0.952512E+00   -0.372732E-01
    0.920000E+01   -0.738099E+00    0.114939E-01   -0.710135E-02   -0.952771E+00   -0.372112E-01
    0.930000E+01   -0.736004E+00    0.111002E-01   -0.704297E-02   -0.953022E+00   -0.371526E-01
    0.940000E+01   -0.733972E+00    0.107258E-01   -0.698131E-02   -0.953263E+00   -0.370973E-01
    0.950000E+01   -0.732000E+00    0.103694E-01   -0.691687E-02   -0.953497E+00   -0.370450E-01
    0.960000E+01   -0.730085E+00    0.100300E-01   -0.685010E-02   -0.953722E+00   -0.369955E-01
    0.970000E+01   -0.728225E+00    0.970653E-02   -0.678140E-02   -0.953940E+00   -0.369486E-01
    0.980000E+01   -0.726418E+00    0.939803E-02   -0.671113E-02   -0.954152E+00   -0.369042E-01
    0.990000E+01   -0.724662E+00    0.910368E-02   -0.663958E-02   -0.954356E+00   -0.368620E-01
    0.100000E+02   -0.722954E+00    0.883434E-02   -0.656674E-02   -0.954554E+00   -0.368220E-01
