    0.000000E+00   -0.324239E+01    0.000000E+00    0.000000E+00    0.000000E+00    0.000000E+00
    0.100000E+00   -0.317343E+01    0.000000E+00    0.000000E+00    0.000000E+00    0.000000E+00
    0.200000E+00   -0.310485E+01    0.000000E+00    0.000000E+00    0.000000E+00    0.000000E+00
    0.300000E+00   -0.303669E+01    0.000000E+00    0.000000E+00    0.000000E+00    0.000000E+00
    0.400000E+00   -0.296900E+01    0.000000E+00    0.000000E+00    0.000000E+00    0.000000E+00
    0.500000E+00   -0.290184E+01    0.000000E+00    0.000000E+00    0.000000E+00    0.000000E+00
    0.600000E+00   -0.283526E+01    0.000000E+00    0.000000E+00    0.000000E+00    0.000000E+00
    0.700000E+00   -0.276936E+01    0.000000E+00    0.000000E+00    0.000000E+00    0.000000E+00
    0.800000E+00   -0.270419E+01    0.000000E+00    0.000000E+00    0.000000E+00    0.000000E+00
    0.900000E+00   -0.263986E+01    0.000000E+00    0.000000E+00    0.000000E+00    0.000000E+00
    0.100000E+01   -0.257644E+01    0.000000E+00    0.000000E+00    0.000000E+00    0.000000E+00
    0.110000E+01   -0.251402E+01    0.000000E+00    0.000000E+00    0.000000E+00    0.000000E+00
    0.120000E+01   -0.245268E+01    0.000000E+00    0.000000E+00    0.000000E+00    0.000000E+00
    0.130000E+01   -0.239247E+01    0.000000E+00    0.000000E+00    0.000000E+00    0.000000E+00
    0.140000E+01   -0.233345E+01    0.000000E+00    0.000000E+00    0.000000E+00    0.000000E+00
    0.150000E+01   -0.227565E+01    0.000000E+00    0.000000E+00    0.000000E+00    0.000000E+00
    0.160000E+01   -0.221908E+01    0.000000E+00    0.000000E+00    0.000000E+00    0.000000E+00
    0.170000E+01   -0.216375E+01    0.000000E+00    0.000000E+00    0.000000E+00    0.000000E+00
    0.180000E+01   -0.210965E+01    0.000000E+00    0.000000E+00    0.000000E+00    0.000000E+00
    0.190000E+01   -0.205676E+01    0.000000E+00    0.000000E+00    0.000000E+00    0.000000E+00
    0.200000E+01   -0.200505E+01    0.000000E+00    0.000000E+00    0.000000E+00    0.000000E+00
    0.210000E+01   -0.195451E+01    0.000000E+00    0.000000E+00    0.000000E+00    0.000000E+00
    0.220000E+01   -0.190509E+01    0.000000E+00    0.000000E+00    0.000000E+00    0.000000E+00
    0.230000E+01   -0.185679E+01    0.000000E+00    0.000000E+00    0.000000E+00    0.000000E+00
    0.240000E+01   -0.180957E+01    0.000000E+00    0.000000E+00    0.000000E+00    0.000000E+00
    0.250000E+01   -0.176342E+01    0.000000E+00    0.000000E+00    0.000000E+00    0.000000E+00
    0.260000E+01   -0.171830E+01    0.000000E+00    0.000000E+00    0.000000E+00    0.000000E+00
    0.270000E+01   -0.167420E+01    0.000000E+00    0.000000E+00    0.000000E+00    0.000000E+00
    0.280000E+01   -0.163112E+01    0.000000E+00    0.000000E+00    0.000000E+00    0.000000E+00
    0.290000E+01   -0.158903E+01    0.000000E+00    0.000000E+00    0.000000E+00    0.000000E+00
    0.300000E+01   -0.154795E+01    0.000000E+00    0.000000E+00    0.000000E+00    0.000000E+00
    0.310000E+01   -0.150787E+01    0.000000E+00    0.000000E+00    0.000000E+00    0.000000E+00
    0.320000E+01   -0.146882E+01    0.000000E+00    0.000000E+00    0.000000E+00    0.000000E+00
    0.330000E+01   -0.143081E+01    0.000000E+00    0.000000E+00    0.000000E+00    0.000000E+00
    0.340000E+01   -0.139387E+01    0.000000E+00    0.000000E+00    0.000000E+00    0.000000E+00
    0.350000E+01   -0.135807E+01    0.000000E+00    0.000000E+00    0.000000E+00    0.000000E+00
    0.360000E+01   -0.132344E+01    0.000000E+00    0.000000E+00    0.000000E+00    0.000000E+00
    0.370000E+01   -0.129005E+01    0.000000E+00    0.000000E+00    0.000000E+00    0.000000E+00
    0.380000E+01   -0.125797E+01    0.000000E+00    0.000000E+00    0.000000E+00    0.000000E+00
    0.390000E+01   -0.122727E+01    0.000000E+00    0.000000E+00    0.000000E+00    0.000000E+00
    0.400000E+01   -0.119799E+01    0.000000E+00    0.000000E+00    0.000000E+00    0.000000E+00
    0.410000E+01   -0.117019E+01    0.000000E+00    0.000000E+00    0.000000E+00    0.000000E+00
    0.420000E+01   -0.114389E+01    0.000000E+00    0.000000E+00    0.000000E+00    0.000000E+00
    0.430000E+01   -0.111909E+01    0.000000E+00    0.000000E+00    0.000000E+00    0.000000E+00
    0.440000E+01   -0.109577E+01    0.000000E+00    0.000000E+00    0.000000E+00    0.000000E+00
    0.450000E+01   -0.107390E+01    0.000000E+00    0.000000E+00    0.000000E+00    0.000000E+00
    0.460000E+01   -0.105340E+01    0.000000E+00    0.000000E+00    0.000000E+00    0.000000E+00
    0.470000E+01   -0.103421E+01    0.000000E+00    0.000000E+00    0.000000E+00    0.000000E+00
    0.480000E+01   -0.101626E+01    0.000000E+00    0.000000E+00    0.000000E+00    0.000000E+00
    0.490000E+01   -0.999469E+00    0.000000E+00    0.000000E+00    0.000000E+00    0.000000E+00
    0.500000E+01   -0.983758E+00    0.000000E+00    0.000000E+00    0.000000E+00    0.000000E+00
    0.510000E+01   -0.969053E+00    0.000000E+00    0.000000E+00    0.000000E+00    0.000000E+00
    0.520000E+01   -0.955281E+00    0.000000E+00    0.000000E+00    0.000000E+00    0.000000E+00
    0.530000E+01   -0.942375E+00    0.000000E+00    0.000000E+00    0.000000E+00    0.000000E+00
    0.540000E+01   -0.930270E+00    0.000000E+00    0.000000E+00    0.000000E+00    0.000000E+00
    0.550000E+01   -0.918907E+00    0.000000E+00    0.000000E+00    0.000000E+00    0.000000E+00
    0.560000E+01   -0.908230E+00    0.000000E+00    0.000000E+00    0.000000E+00    0.000000E+00
    0.570000E+01   -0.898187E+00    0.000000E+00    0.000000E+00    0.000000E+00    0.000000E+00
    0.580000E+01   -0.888731E+00    0.000000E+00    0.000000E+00    0.000000E+00    0.000000E+00
    0.590000E+01   -0.879819E+00    0.000000E+00    0.000000E+00    0.000000E+00    0.000000E+00
    0.600000E+01   -0.871408E+00    0.000000E+00    0.000000E+00    0.000000E+00    0.000000E+00
    0.610000E+01   -0.863464E+00    0.000000E+00    0.000000E+00    0.000000E+00    0.000000E+00
    0.620000E+01   -0.855951E+00    0.000000E+00    0.000000E+00    0.000000E+00    0.000000E+00
    0.630000E+01   -0.848838E+00    0.000000E+00    0.000000E+00    0.000000E+00    0.000000E+00
    0.640000E+01   -0.842096E+00    0.000000E+00    0.000000E+00    0.000000E+00    0.000000E+00
    0.650000E+01   -0.835700E+00    0.000000E+00    0.000000E+00    0.000000E+00    0.000000E+00
    0.660000E+01   -0.829625E+00    0.000000E+00    0.000000E+00    0.000000E+00    0.000000E+00
    0.670000E+01   -0.823849E+00    0.000000E+00    0.000000E+00    0.000000E+00    0.000000E+00
    0.680000E+01   -0.818351E+00    0.000000E+00    0.000000E+00    0.000000E+00    0.000000E+00
    0.690000E+01   -0.813113E+00    0.000000E+00    0.000000E+00    0.000000E+00    0.000000E+00
    0.700000E+01   -0.808118E+00    0.000000E+00    0.000000E+00    0.000000E+00    0.000000E+00
    0.710000E+01   -0.803349E+00    0.000000E+00    0.000000E+00    0.000000E+00    0.000000E+00
    0.720000E+01   -0.798793E+00    0.000000E+00    0.000000E+00    0.000000E+00    0.000000E+00
    0.730000E+01   -0.794435E+00    0.000000E+00    0.000000E+00    0.000000E+00    0.000000E+00
    0.740000E+01   -0.790264E+00    0.000000E+00    0.000000E+00    0.000000E+00    0.000000E+00
    0.750000E+01   -0.786261E+00    0.000000E+00    0.000000E+00    0.000000E+00    0.000000E+00
    0.760000E+01   -0.782426E+00    0.000000E+00    0.000000E+00    0.000000E+00    0.000000E+00
    0.770000E+01   -0.778745E+00    0.000000E+00    0.000000E+00    0.000000E+00    0.000000E+00
    0.780000E+01   -0.775210E+00    0.000000E+00    0.000000E+00    0.000000E+00    0.000000E+00
    0.790000E+01   -0.771814E+00    0.000000E+00    0.000000E+00    0.000000E+00    0.000000E+00
    0.800000E+01   -0.768549E+00    0.000000E+00    0.000000E+00    0.000000E+00    0.000000E+00
    0.810000E+01   -0.765407E+00    0.000000E+00    0.000000E+00    0.000000E+00    0.000000E+00
    0.820000E+01   -0.762384E+00    0.000000E+00    0.000000E+00    0.000000E+00    0.000000E+00
    0.830000E+01   -0.759478E+00    0.000000E+00    0.000000E+00    0.000000E+00    0.000000E+00
    0.840000E+01   -0.756637E+00    0.000000E+00    0.000000E+00    0.000000E+00    0.000000E+00
    0.850000E+01   -0.753921E+00    0.000000E+00    0.000000E+00    0.000000E+00    0.000000E+00
    0.860000E+01   -0.751297E+00    0.000000E+00    0.000000E+00    0.000000E+00    0.000000E+00
    0.870000E+01   -0.748762E+00    0.000000E+00    0.000000E+00    0.000000E+00    0.000000E+00
    0.880000E+01   -0.746312E+00    0.000000E+00    0.000000E+00    0.000000E+00    0.000000E+00
    0.890000E+01   -0.743943E+00    0.000000E+00    0.000000E+00    0.000000E+00    0.000000E+00
    0.900000E+01   -0.741650E+00    0.000000E+00    0.000000E+00    0.000000E+00    0.000000E+00
    0.910000E+01   -0.739432E+00    0.000000E+00    0.000000E+00    0.000000E+00    0.000000E+00
    0.920000E+01   -0.737283E+00    0.000000E+00    0.000000E+00    0.000000E+00    0.000000E+00
    0.930000E+01   -0.735208E+00    0.000000E+00    0.000000E+00    0.000000E+00    0.000000E+00
    0.940000E+01   -0.733156E+00    0.000000E+00    0.000000E+00    0.000000E+00    0.000000E+00
    0.950000E+01   -0.731191E+00    0.000000E+00    0.000000E+00    0.000000E+00    0.000000E+00
    0.960000E+01   -0.729286E+00    0.000000E+00    0.000000E+00    0.000000E+00    0.000000E+00
    0.970000E+01   -0.727435E+00    0.000000E+00    0.000000E+00    0.000000E+00    0.000000E+00
    0.980000E+01   -0.725639E+00    0.000000E+00    0.000000E+00    0.000000E+00    0.000000E+00
    0.990000E+01   -0.723895E+00    0.000000E+00    0.000000E+00    0.000000E+00    0.000000E+00
    0.100000E+02   -0.722231E+00    0.000000E+00    0.000000E+00    0.000000E+00    0.000000E+00
