    0.000000E+00   -0.324239E+01   -0.000000E+00   -0.000000E+00    0.000000E+00    0.000000E+00
    0.100000E+00   -0.317343E+01   -0.000000E+00    0.000000E+00    0.000000E+00    0.000000E+00
    0.200000E+00   -0.310485E+01    0.000000E+00   -0.000000E+00    0.000000E+00    0.000000E+00
    0.300000E+00   -0.303669E+01   -0.000000E+00    0.000000E+00    0.000000E+00    0.000000E+00
    0.400000E+00   -0.296900E+01    0.000000E+00    0.000000E+00    0.000000E+00    0.000000E+00
    0.500000E+00   -0.290184E+01   -0.000000E+00   -0.000000E+00    0.000000E+00    0.000000E+00
    0.600000E+00   -0.283526E+01   -0.000000E+00    0.000000E+00    0.000000E+00    0.000000E+00
    0.700000E+00   -0.276936E+01    0.000000E+00   -0.000000E+00    0.000000E+00    0.000000E+00
    0.800000E+00   -0.270420E+01    0.000000E+00    0.000000E+00    0.000000E+00    0.000000E+00
    0.900000E+00   -0.263987E+01    0.000000E+00    0.000000E+00    0.000000E+00    0.000000E+00
    0.100000E+01   -0.257645E+01   -0.000000E+00    0.000000E+00    0.000000E+00    0.000000E+00
    0.110000E+01   -0.251404E+01   -0.000000E+00   -0.000000E+00    0.000000E+00    0.000000E+00
    0.120000E+01   -0.245270E+01    0.000000E+00    0.000000E+00    0.000000E+00    0.000000E+00
    0.130000E+01   -0.239250E+01   -0.000000E+00    0.000000E+00    0.000000E+00    0.000000E+00
    0.140000E+01   -0.233349E+01    0.000000E+00    0.000000E+00    0.000000E+00    0.000000E+00
    0.150000E+01   -0.227570E+01   -0.000000E+00   -0.000000E+00    0.000000E+00    0.000000E+00
    0.160000E+01   -0.221914E+01   -0.000000E+00    0.000000E+00    0.000000E+00    0.000000E+00
    0.170000E+01   -0.216383E+01    0.000000E+00    0.000000E+00    0.000000E+00    0.000000E+00
    0.180000E+01   -0.210975E+01    0.000000E+00   -0.000000E+00    0.000000E+00    0.000000E+00
    0.190000E+01   -0.205688E+01   -0.000000E+00    0.000000E+00    0.000000E+00    0.000000E+00
    0.200000E+01   -0.200521E+01   -0.000000E+00   -0.000000E+00    0.000000E+00    0.000000E+00
    0.210000E+01   -0.195471E+01    0.000000E+00    0.000000E+00    0.000000E+00    0.000000E+00
    0.220000E+01   -0.190536E+01   -0.000000E+00    0.000000E+00    0.000000E+00    0.000000E+00
    0.230000E+01   -0.185714E+01    0.000000E+00   -0.000000E+00    0.000000E+00    0.000000E+00
    0.240000E+01   -0.181004E+01   -0.000000E+00    0.000000E+00    0.000000E+00    0.000000E+00
    0.250000E+01   -0.176403E+01   -0.000000E+00   -0.000000E+00    0.000000E+00    0.000000E+00
    0.260000E+01   -0.171910E+01   -0.000000E+00   -0.000000E+00    0.000000E+00    0.000000E+00
    0.270000E+01   -0.167523E+01   -0.000000E+00   -0.000000E+00    0.000000E+00    0.000000E+00
    0.280000E+01   -0.163243E+01   -0.000000E+00    0.000000E+00    0.000000E+00    0.000000E+00
    0.290000E+01   -0.159069E+01   -0.000000E+00   -0.000000E+00    0.000000E+00    0.000000E+00
    0.300000E+01   -0.155001E+01    0.000000E+00    0.000000E+00    0.000000E+00    0.000000E+00
    0.310000E+01   -0.151039E+01    0.000000E+00    0.000000E+00    0.000000E+00    0.000000E+00
    0.320000E+01   -0.147185E+01   -0.000000E+00    0.000000E+00    0.000000E+00    0.000000E+00
    0.330000E+01   -0.143438E+01    0.000000E+00   -0.000000E+00    0.000000E+00    0.000000E+00
    0.340000E+01   -0.139802E+01    0.000000E+00   -0.000000E+00    0.000000E+00    0.000000E+00
    0.350000E+01   -0.136279E+01   -0.000000E+00    0.000000E+00    0.000000E+00    0.000000E+00
    0.360000E+01   -0.132871E+01   -0.000000E+00    0.000000E+00    0.000000E+00    0.000000E+00
    0.370000E+01   -0.129582E+01    0.000000E+00   -0.000000E+00    0.000000E+00    0.000000E+00
    0.380000E+01   -0.126415E+01   -0.000000E+00   -0.000000E+00    0.000000E+00    0.000000E+00
    0.390000E+01   -0.123375E+01   -0.000000E+00    0.000000E+00    0.000000E+00    0.000000E+00
    0.400000E+01   -0.120466E+01    0.000000E+00   -0.000000E+00    0.000000E+00    0.000000E+00
    0.410000E+01   -0.117692E+01   -0.000000E+00    0.000000E+00    0.000000E+00    0.000000E+00
    0.420000E+01   -0.115054E+01   -0.000000E+00    0.000000E+00    0.000000E+00    0.000000E+00
    0.430000E+01   -0.112555E+01    0.000000E+00    0.000000E+00    0.000000E+00    0.000000E+00
    0.440000E+01   -0.110194E+01   -0.000000E+00   -0.000000E+00    0.000000E+00    0.000000E+00
    0.450000E+01   -0.107971E+01   -0.000000E+00   -0.000000E+00    0.000000E+00    0.000000E+00
    0.460000E+01   -0.105881E+01    0.000000E+00    0.000000E+00    0.000000E+00    0.000000E+00
    0.470000E+01   -0.103920E+01   -0.000000E+00   -0.000000E+00    0.000000E+00    0.000000E+00
    0.480000E+01   -0.102084E+01   -0.000000E+00    0.000000E+00    0.000000E+00    0.000000E+00
    0.490000E+01   -0.100364E+01   -0.000000E+00   -0.000000E+00    0.000000E+00    0.000000E+00
    0.500000E+01   -0.987558E+00   -0.000000E+00    0.000000E+00    0.000000E+00    0.000000E+00
    0.510000E+01   -0.972509E+00   -0.000000E+00   -0.000000E+00    0.000000E+00    0.000000E+00
    0.520000E+01   -0.958426E+00   -0.000000E+00   -0.000000E+00    0.000000E+00    0.000000E+00
    0.530000E+01   -0.945241E+00    0.000000E+00   -0.000000E+00    0.000000E+00    0.000000E+00
    0.540000E+01   -0.932890E+00    0.000000E+00    0.000000E+00    0.000000E+00    0.000000E+00
    0.550000E+01   -0.921311E+00   -0.000000E+00    0.000000E+00    0.000000E+00    0.000000E+00
    0.560000E+01   -0.910444E+00   -0.000000E+00    0.000000E+00    0.000000E+00   -0.000000E+00
    0.570000E+01   -0.900236E+00   -0.000000E+00   -0.000000E+00    0.000000E+00   -0.000000E+00
    0.580000E+01   -0.890636E+00    0.000000E+00   -0.000000E+00    0.000000E+00    0.000000E+00
    0.590000E+01   -0.881597E+00    0.000000E+00   -0.000000E+00    0.000000E+00    0.000000E+00
    0.600000E+01   -0.873078E+00   -0.000000E+00    0.000000E+00    0.000000E+00    0.000000E+00
    0.610000E+01   -0.865039E+00    0.000000E+00    0.000000E+00    0.000000E+00   -0.000000E+00
    0.620000E+01   -0.857443E+00   -0.000000E+00    0.000000E+00    0.000000E+00    0.000000E+00
    0.630000E+01   -0.850258E+00   -0.000000E+00    0.000000E+00    0.000000E+00    0.000000E+00
    0.640000E+01   -0.843453E+00   -0.000000E+00    0.000000E+00    0.000000E+00    0.000000E+00
    0.650000E+01   -0.837002E+00    0.000000E+00   -0.000000E+00    0.000000E+00    0.000000E+00
    0.660000E+01   -0.830878E+00    0.000000E+00    0.000000E+00    0.000000E+00    0.000000E+00
    0.670000E+01   -0.825059E+00    0.000000E+00   -0.000000E+00    0.000000E+00    0.000000E+00
    0.680000E+01   -0.819523E+00    0.000000E+00    0.000000E+00    0.000000E+00    0.000000E+00
    0.690000E+01   -0.814250E+00    0.000000E+00   -0.000000E+00    0.000000E+00    0.000000E+00
    0.700000E+01   -0.809224E+00   -0.000000E+00   -0.000000E+00    0.000000E+00   -0.000000E+00
    0.710000E+01   -0.804428E+00    0.000000E+00   -0.000000E+00    0.000000E+00   -0.000000E+00
    0.720000E+01   -0.799847E+00   -0.000000E+00   -0.000000E+00    0.000000E+00   -0.000000E+00
    0.730000E+01   -0.795467E+00    0.000000E+00   -0.000000E+00    0.000000E+00    0.000000E+00
    0.740000E+01   -0.791275E+00    0.000000E+00   -0.000000E+00    0.000000E+00   -0.000000E+00
    0.750000E+01   -0.787260E+00   -0.000000E+00    0.000000E+00    0.000000E+00   -0.000000E+00
    0.760000E+01   -0.783410E+00   -0.000000E+00    0.000000E+00    0.000000E+00    0.000000E+00
    0.770000E+01   -0.779717E+00   -0.000000E+00    0.000000E+00    0.000000E+00    0.000000E+00
    0.780000E+01   -0.776170E+00   -0.000000E+00    0.000000E+00    0.000000E+00    0.000000E+00
    0.790000E+01   -0.772762E+00   -0.000000E+00   -0.000000E+00    0.000000E+00    0.000000E+00
    0.800000E+01   -0.769484E+00   -0.000000E+00   -0.000000E+00    0.000000E+00    0.000000E+00
    0.810000E+01   -0.766329E+00   -0.000000E+00    0.000000E+00    0.000000E+00    0.000000E+00
    0.820000E+01   -0.763290E+00    0.000000E+00    0.000000E+00    0.000000E+00    0.000000E+00
    0.830000E+01   -0.760361E+00    0.000000E+00   -0.000000E+00    0.000000E+00    0.000000E+00
    0.840000E+01   -0.757536E+00   -0.000000E+00    0.000000E+00    0.000000E+00    0.000000E+00
    0.850000E+01   -0.754810E+00    0.000000E+00   -0.000000E+00    0.000000E+00   -0.000000E+00
    0.860000E+01   -0.752177E+00    0.000000E+00    0.000000E+00    0.000000E+00   -0.000000E+00
    0.870000E+01   -0.749633E+00    0.000000E+00    0.000000E+00    0.000000E+00   -0.000000E+00
    0.880000E+01   -0.747174E+00    0.000000E+00   -0.000000E+00    0.000000E+00    0.000000E+00
    0.890000E+01   -0.744794E+00    0.000000E+00   -0.000000E+00    0.000000E+00   -0.000000E+00
    0.900000E+01   -0.742491E+00   -0.000000E+00    0.000000E+00    0.000000E+00    0.000000E+00
    0.910000E+01   -0.740261E+00    0.000000E+00    0.000000E+00    0.000000E+00   -0.000000E+00
    0.920000E+01   -0.738099E+00   -0.000000E+00   -0.000000E+00    0.000000E+00    0.000000E+00
    0.930000E+01   -0.736004E+00   -0.000000E+00    0.000000E+00    0.000000E+00   -0.000000E+00
    0.940000E+01   -0.733972E+00    0.000000E+00    0.000000E+00    0.000000E+00    0.000000E+00
    0.950000E+01   -0.732000E+00    0.000000E+00    0.000000E+00    0.000000E+00    0.000000E+00
    0.960000E+01   -0.730085E+00   -0.000000E+00    0.000000E+00    0.000000E+00   -0.000000E+00
    0.970000E+01   -0.728225E+00    0.000000E+00    0.000000E+00    0.000000E+00    0.000000E+00
    0.980000E+01   -0.726418E+00    0.000000E+00   -0.000000E+00    0.000000E+00    0.000000E+00
    0.990000E+01   -0.724662E+00    0.000000E+00    0.000000E+00    0.000000E+00   -0.000000E+00
    0.100000E+02   -0.722954E+00   -0.000000E+00    0.000000E+00    0.000000E+00    0.000000E+00
