    0.000000E+00   -0.324239E+01   -0.964831E-02   -0.130700E+00    0.991101E-01    0.506377E-02
    0.100000E+00   -0.317343E+01   -0.105602E-01   -0.138832E+00    0.103901E+00    0.551941E-02
    0.200000E+00   -0.310485E+01   -0.115975E-01   -0.147870E+00    0.109091E+00    0.602766E-02
    0.300000E+00   -0.303669E+01   -0.127821E-01   -0.157931E+00    0.114709E+00    0.659486E-02
    0.400000E+00   -0.296900E+01   -0.141392E-01   -0.169140E+00    0.120776E+00    0.722758E-02
    0.500000E+00   -0.290184E+01   -0.156982E-01   -0.181623E+00    0.127306E+00    0.793238E-02
    0.600000E+00   -0.283526E+01   -0.174924E-01   -0.195498E+00    0.134295E+00    0.871527E-02
    0.700000E+00   -0.276936E+01   -0.195587E-01   -0.210857E+00    0.141713E+00    0.958102E-02
    0.800000E+00   -0.270420E+01   -0.219362E-01   -0.227751E+00    0.149502E+00    0.105323E-01
    0.900000E+00   -0.263987E+01   -0.246646E-01   -0.246160E+00    0.157562E+00    0.115688E-01
    0.100000E+01   -0.257645E+01   -0.277819E-01   -0.265976E+00    0.165759E+00    0.126866E-01
    0.110000E+01   -0.251404E+01   -0.313221E-01   -0.286990E+00    0.173924E+00    0.138777E-01
    0.120000E+01   -0.245270E+01   -0.353128E-01   -0.308895E+00    0.181872E+00    0.151310E-01
    0.130000E+01   -0.239250E+01   -0.397729E-01   -0.331311E+00    0.189421E+00    0.164335E-01
    0.140000E+01   -0.233349E+01   -0.447101E-01   -0.353836E+00    0.196414E+00    0.177706E-01
    0.150000E+01   -0.227570E+01   -0.501213E-01   -0.376093E+00    0.202734E+00    0.191256E-01
    0.160000E+01   -0.221914E+01   -0.559999E-01   -0.397764E+00    0.208303E+00    0.204793E-01
    0.170000E+01   -0.216383E+01   -0.623454E-01   -0.418584E+00    0.213086E+00    0.218128E-01
    0.180000E+01   -0.210975E+01   -0.691654E-01   -0.438341E+00    0.217077E+00    0.231102E-01
    0.190000E+01   -0.205688E+01   -0.764747E-01   -0.456868E+00    0.220297E+00    0.243591E-01
    0.200000E+01   -0.200521E+01   -0.842927E-01   -0.474044E+00    0.222781E+00    0.255497E-01
    0.210000E+01   -0.195471E+01   -0.926425E-01   -0.489784E+00    0.224576E+00    0.266729E-01
    0.220000E+01   -0.190536E+01   -0.101551E+00   -0.504028E+00    0.225730E+00    0.277197E-01
    0.230000E+01   -0.185714E+01   -0.111048E+00   -0.516739E+00    0.226292E+00    0.286799E-01
    0.240000E+01   -0.181004E+01   -0.121168E+00   -0.527888E+00    0.226305E+00    0.295426E-01
    0.250000E+01   -0.176403E+01   -0.131948E+00   -0.537458E+00    0.225812E+00    0.302950E-01
    0.260000E+01   -0.171910E+01   -0.143431E+00   -0.545433E+00    0.224847E+00    0.309232E-01
    0.270000E+01   -0.167523E+01   -0.155664E+00   -0.551800E+00    0.223440E+00    0.314120E-01
    0.280000E+01   -0.163243E+01   -0.168700E+00   -0.556545E+00    0.221614E+00    0.317448E-01
    0.290000E+01   -0.159069E+01   -0.182601E+00   -0.559652E+00    0.219383E+00    0.319043E-01
    0.300000E+01   -0.155001E+01   -0.197435E+00   -0.561100E+00    0.216758E+00    0.318725E-01
    0.310000E+01   -0.151039E+01   -0.213281E+00   -0.560867E+00    0.213737E+00    0.316322E-01
    0.320000E+01   -0.147185E+01   -0.230227E+00   -0.558923E+00    0.210314E+00    0.311672E-01
    0.330000E+01   -0.143438E+01   -0.248367E+00   -0.555235E+00    0.206475E+00    0.304643E-01
    0.340000E+01   -0.139802E+01   -0.267801E+00   -0.549764E+00    0.202195E+00    0.295148E-01
    0.350000E+01   -0.136279E+01   -0.288631E+00   -0.542473E+00    0.197447E+00    0.283172E-01
    0.360000E+01   -0.132871E+01   -0.310942E+00   -0.533327E+00    0.192200E+00    0.268796E-01
    0.370000E+01   -0.129582E+01   -0.334797E+00   -0.522308E+00    0.186422E+00    0.252221E-01
    0.380000E+01   -0.126415E+01   -0.360209E+00   -0.509421E+00    0.180091E+00    0.233790E-01
    0.390000E+01   -0.123375E+01   -0.387121E+00   -0.494715E+00    0.173200E+00    0.213982E-01
    0.400000E+01   -0.120466E+01   -0.415384E+00   -0.478294E+00    0.165767E+00    0.193396E-01
    0.410000E+01   -0.117692E+01   -0.444746E+00   -0.460334E+00    0.157842E+00    0.172689E-01
    0.420000E+01   -0.115054E+01   -0.474856E+00   -0.441080E+00    0.149512E+00    0.152509E-01
    0.430000E+01   -0.112555E+01   -0.505294E+00   -0.420840E+00    0.140896E+00    0.133416E-01
    0.440000E+01   -0.110194E+01   -0.535610E+00   -0.399958E+00    0.132131E+00    0.115827E-01
    0.450000E+01   -0.107971E+01   -0.565371E+00   -0.378792E+00    0.123367E+00    0.999881E-02
    0.460000E+01   -0.105881E+01   -0.594200E+00   -0.357676E+00    0.114741E+00    0.859903E-02
    0.470000E+01   -0.103920E+01   -0.621799E+00   -0.336909E+00    0.106377E+00    0.737980E-02
    0.480000E+01   -0.102084E+01   -0.647959E+00   -0.316731E+00    0.983697E-01    0.632918E-02
    0.490000E+01   -0.100364E+01   -0.672550E+00   -0.297329E+00    0.907875E-01    0.543054E-02
    0.500000E+01   -0.987558E+00   -0.695517E+00   -0.278832E+00    0.836732E-01    0.466550E-02
    0.510000E+01   -0.972509E+00   -0.716856E+00   -0.261322E+00    0.770476E-01    0.401584E-02
    0.520000E+01   -0.958426E+00   -0.736606E+00   -0.244839E+00    0.709137E-01    0.346464E-02
    0.530000E+01   -0.945241E+00   -0.754834E+00   -0.229393E+00    0.652614E-01    0.299683E-02
    0.540000E+01   -0.932890E+00   -0.771622E+00   -0.214970E+00    0.600717E-01    0.259928E-02
    0.550000E+01   -0.921311E+00   -0.787064E+00   -0.201538E+00    0.553191E-01    0.226081E-02
    0.560000E+01   -0.910444E+00   -0.801256E+00   -0.189054E+00    0.509753E-01    0.197197E-02
    0.570000E+01   -0.900236E+00   -0.814295E+00   -0.177467E+00    0.470100E-01    0.172482E-02
    0.580000E+01   -0.890636E+00   -0.826275E+00   -0.166725E+00    0.433930E-01    0.151275E-02
    0.590000E+01   -0.881597E+00   -0.837285E+00   -0.156769E+00    0.400950E-01    0.133027E-02
    0.600000E+01   -0.873078E+00   -0.847410E+00   -0.147547E+00    0.370877E-01    0.117277E-02
    0.610000E+01   -0.865039E+00   -0.856726E+00   -0.139002E+00    0.343448E-01    0.103644E-02
    0.620000E+01   -0.857443E+00   -0.865305E+00   -0.131084E+00    0.318419E-01    0.918080E-03
    0.630000E+01   -0.850258E+00   -0.873214E+00   -0.123743E+00    0.295563E-01    0.815038E-03
    0.640000E+01   -0.843453E+00   -0.880512E+00   -0.116934E+00    0.274676E-01    0.725078E-03
    0.650000E+01   -0.837002E+00   -0.887254E+00   -0.110614E+00    0.255570E-01    0.646325E-03
    0.660000E+01   -0.830878E+00   -0.893489E+00   -0.104743E+00    0.238076E-01    0.577204E-03
    0.670000E+01   -0.825059E+00   -0.899261E+00   -0.992855E-01    0.222041E-01    0.516382E-03
    0.680000E+01   -0.819523E+00   -0.904612E+00   -0.942070E-01    0.207327E-01    0.462731E-03
    0.690000E+01   -0.814250E+00   -0.909579E+00   -0.894772E-01    0.193809E-01    0.415295E-03
    0.700000E+01   -0.809224E+00   -0.914194E+00   -0.850677E-01    0.181375E-01    0.373259E-03
    0.710000E+01   -0.804428E+00   -0.918487E+00   -0.809530E-01    0.169926E-01    0.335926E-03
    0.720000E+01   -0.799847E+00   -0.922486E+00   -0.771095E-01    0.159371E-01    0.302701E-03
    0.730000E+01   -0.795467E+00   -0.926215E+00   -0.735157E-01    0.149627E-01    0.273072E-03
    0.740000E+01   -0.791275E+00   -0.929696E+00   -0.701520E-01    0.140624E-01    0.246598E-03
    0.750000E+01   -0.787260E+00   -0.932950E+00   -0.670005E-01    0.132293E-01    0.222901E-03
    0.760000E+01   -0.783410E+00   -0.935995E+00   -0.640449E-01    0.124577E-01    0.201650E-03
    0.770000E+01   -0.779717E+00   -0.938847E+00   -0.612703E-01    0.117421E-01    0.182561E-03
    0.780000E+01   -0.776170E+00   -0.941522E+00   -0.586631E-01    0.110778E-01    0.165386E-03
    0.790000E+01   -0.772762E+00   -0.944034E+00   -0.562107E-01    0.104604E-01    0.149908E-03
    0.800000E+01   -0.769484E+00   -0.946393E+00   -0.539019E-01    0.988595E-02    0.135938E-03
    0.810000E+01   -0.766329E+00   -0.948613E+00   -0.517261E-01    0.935092E-02    0.123311E-03
    0.820000E+01   -0.763290E+00   -0.950704E+00   -0.496738E-01    0.885208E-02    0.111883E-03
    0.830000E+01   -0.760361E+00   -0.952674E+00   -0.477363E-01    0.838651E-02    0.101525E-03
    0.840000E+01   -0.757536E+00   -0.954533E+00   -0.459056E-01    0.795157E-02    0.921261E-04
    0.850000E+01   -0.754810E+00   -0.956289E+00   -0.441742E-01    0.754483E-02    0.835859E-04
    0.860000E+01   -0.752177E+00   -0.957948E+00   -0.425353E-01    0.716412E-02    0.758175E-04
    0.870000E+01   -0.749633E+00   -0.959518E+00   -0.409829E-01    0.680744E-02    0.687430E-04
    0.880000E+01   -0.747174E+00   -0.961004E+00   -0.395110E-01    0.647296E-02    0.622937E-04
    0.890000E+01   -0.744794E+00   -0.962413E+00   -0.381144E-01    0.615904E-02    0.564083E-04
    0.900000E+01   -0.742491E+00   -0.963749E+00   -0.367883E-01    0.586415E-02    0.510321E-04
    0.910000E+01   -0.740261E+00   -0.965017E+00   -0.355280E-01    0.558692E-02    0.461168E-04
    0.920000E+01   -0.738099E+00   -0.966221E+00   -0.343296E-01    0.532606E-02    0.416186E-04
    0.930000E+01   -0.736004E+00   -0.967366E+00   -0.331891E-01    0.508041E-02    0.374987E-04
    0.940000E+01   -0.733972E+00   -0.968456E+00   -0.321029E-01    0.484892E-02    0.337225E-04
    0.950000E+01   -0.732000E+00   -0.969493E+00   -0.310677E-01    0.463059E-02    0.302587E-04
    0.960000E+01   -0.730085E+00   -0.970481E+00   -0.300805E-01    0.442453E-02    0.270789E-04
    0.970000E+01   -0.728225E+00   -0.971423E+00   -0.291385E-01    0.422991E-02    0.241581E-04
    0.980000E+01   -0.726418E+00   -0.972321E+00   -0.282390E-01    0.404596E-02    0.214735E-04
    0.990000E+01   -0.724662E+00   -0.973179E+00   -0.273795E-01    0.387196E-02    0.190033E-04
    0.100000E+02   -0.722954E+00   -0.973999E+00   -0.265577E-01    0.370833E-02    0.167859E-04
