    0.000000E+00   -0.324239E+01    0.000000E+00    0.000000E+00   -0.000000E+00   -0.000000E+00
    0.100000E+00   -0.317343E+01   -0.122739E-04    0.321368E-04    0.150414E-04   -0.349042E-04
    0.200000E+00   -0.310485E+01   -0.255802E-04    0.703023E-04    0.319257E-04   -0.766478E-04
    0.300000E+00   -0.303669E+01   -0.396238E-04    0.115428E-03    0.505417E-04   -0.126346E-03
    0.400000E+00   -0.296900E+01   -0.538880E-04    0.168531E-03    0.705784E-04   -0.185222E-03
    0.500000E+00   -0.290184E+01   -0.675466E-04    0.230692E-03    0.914235E-04   -0.254569E-03
    0.600000E+00   -0.283526E+01   -0.793613E-04    0.303012E-03    0.112032E-03   -0.335683E-03
    0.700000E+00   -0.276936E+01   -0.875774E-04    0.386562E-03    0.130775E-03   -0.429759E-03
    0.800000E+00   -0.270419E+01   -0.898459E-04    0.482310E-03    0.145284E-03   -0.537747E-03
    0.900000E+00   -0.263986E+01   -0.832125E-04    0.591068E-03    0.152335E-03   -0.660190E-03
    0.100000E+01   -0.257644E+01   -0.642178E-04    0.713462E-03    0.147837E-03   -0.797081E-03
    0.110000E+01   -0.251402E+01   -0.291356E-04    0.849963E-03    0.126953E-03   -0.947780E-03
    0.120000E+01   -0.245268E+01    0.256741E-04    0.100098E-02    0.843954E-04   -0.111105E-02
    0.130000E+01   -0.239247E+01    0.103376E-03    0.116701E-02    0.148223E-04   -0.128521E-02
    0.140000E+01   -0.233345E+01    0.206341E-03    0.134875E-02   -0.867496E-04   -0.146834E-02
    0.150000E+01   -0.227565E+01    0.335979E-03    0.154722E-02   -0.224630E-03   -0.165857E-02
    0.160000E+01   -0.221908E+01    0.492739E-03    0.176373E-02   -0.402286E-03   -0.185418E-02
    0.170000E+01   -0.216375E+01    0.676232E-03    0.199982E-02   -0.622312E-03   -0.205374E-02
    0.180000E+01   -0.210965E+01    0.885410E-03    0.225715E-02   -0.886481E-03   -0.225608E-02
    0.190000E+01   -0.205676E+01    0.111873E-02    0.253730E-02   -0.119580E-02   -0.246023E-02
    0.200000E+01   -0.200505E+01    0.137427E-02    0.284161E-02   -0.155058E-02   -0.266531E-02
    0.210000E+01   -0.195451E+01    0.164986E-02    0.317097E-02   -0.195035E-02   -0.287048E-02
    0.220000E+01   -0.190509E+01    0.194306E-02    0.352562E-02   -0.239387E-02   -0.307481E-02
    0.230000E+01   -0.185679E+01    0.225123E-02    0.390497E-02   -0.287895E-02   -0.327725E-02
    0.240000E+01   -0.180957E+01    0.257154E-02    0.430731E-02   -0.340231E-02   -0.347654E-02
    0.250000E+01   -0.176342E+01    0.290098E-02    0.472962E-02   -0.395943E-02   -0.367117E-02
    0.260000E+01   -0.171830E+01    0.323641E-02    0.516735E-02   -0.454438E-02   -0.385938E-02
    0.270000E+01   -0.167420E+01    0.357465E-02    0.561423E-02   -0.514974E-02   -0.403914E-02
    0.280000E+01   -0.163112E+01    0.391253E-02    0.606211E-02   -0.576652E-02   -0.420812E-02
    0.290000E+01   -0.158903E+01    0.424703E-02    0.650092E-02   -0.638420E-02   -0.436375E-02
    0.300000E+01   -0.154795E+01    0.457540E-02    0.691876E-02   -0.699090E-02   -0.450326E-02
    0.310000E+01   -0.150787E+01    0.489529E-02    0.730206E-02   -0.757362E-02   -0.462373E-02
    0.320000E+01   -0.146882E+01    0.520479E-02    0.763596E-02   -0.811858E-02   -0.472217E-02
    0.330000E+01   -0.143081E+01    0.550253E-02    0.790490E-02   -0.861176E-02   -0.479567E-02
    0.340000E+01   -0.139387E+01    0.578760E-02    0.809335E-02   -0.903946E-02   -0.484149E-02
    0.350000E+01   -0.135807E+01    0.605947E-02    0.818683E-02   -0.938904E-02   -0.485726E-02
    0.360000E+01   -0.132344E+01    0.631776E-02    0.817303E-02   -0.964964E-02   -0.484115E-02
    0.370000E+01   -0.129005E+01    0.656188E-02    0.804324E-02   -0.981309E-02   -0.479204E-02
    0.380000E+01   -0.125797E+01    0.679067E-02    0.779381E-02   -0.987472E-02   -0.470976E-02
    0.390000E+01   -0.122727E+01    0.700188E-02    0.742749E-02   -0.983415E-02   -0.459522E-02
    0.400000E+01   -0.119799E+01    0.719186E-02    0.695445E-02   -0.969573E-02   -0.445057E-02
    0.410000E+01   -0.117019E+01    0.735538E-02    0.639228E-02   -0.946845E-02   -0.427922E-02
    0.420000E+01   -0.114389E+01    0.748597E-02    0.576496E-02   -0.916524E-02   -0.408568E-02
    0.430000E+01   -0.111909E+01    0.757660E-02    0.510030E-02   -0.880158E-02   -0.387532E-02
    0.440000E+01   -0.109577E+01    0.762090E-02    0.442674E-02   -0.839374E-02   -0.365390E-02
    0.450000E+01   -0.107390E+01    0.761437E-02    0.376994E-02   -0.795716E-02   -0.342715E-02
    0.460000E+01   -0.105340E+01    0.755528E-02    0.315020E-02   -0.750521E-02   -0.320028E-02
    0.470000E+01   -0.103421E+01    0.744505E-02    0.258136E-02   -0.704872E-02   -0.297768E-02
    0.480000E+01   -0.101626E+01    0.728797E-02    0.207082E-02   -0.659598E-02   -0.276281E-02
    0.490000E+01   -0.999469E+00    0.709054E-02    0.162064E-02   -0.615305E-02   -0.255813E-02
    0.500000E+01   -0.983758E+00    0.686051E-02    0.122897E-02   -0.572426E-02   -0.236522E-02
    0.510000E+01   -0.969053E+00    0.660606E-02    0.891494E-03   -0.531263E-02   -0.218492E-02
    0.520000E+01   -0.955281E+00    0.633505E-02    0.602634E-03   -0.492017E-02   -0.201751E-02
    0.530000E+01   -0.942375E+00    0.605458E-02    0.356400E-03   -0.454814E-02   -0.186284E-02
    0.540000E+01   -0.930270E+00    0.577072E-02    0.146954E-03   -0.419721E-02   -0.172046E-02
    0.550000E+01   -0.918907E+00    0.548842E-02   -0.310800E-04   -0.386759E-02   -0.158975E-02
    0.560000E+01   -0.908230E+00    0.521157E-02   -0.182469E-03   -0.355912E-02   -0.146998E-02
    0.570000E+01   -0.898187E+00    0.494305E-02   -0.311338E-03   -0.327135E-02   -0.136036E-02
    0.580000E+01   -0.888731E+00    0.468493E-02   -0.421200E-03   -0.300362E-02   -0.126011E-02
    0.590000E+01   -0.879819E+00    0.443854E-02   -0.515013E-03   -0.275510E-02   -0.116843E-02
    0.600000E+01   -0.871408E+00    0.420468E-02   -0.595252E-03   -0.252483E-02   -0.108460E-02
    0.610000E+01   -0.863464E+00    0.398371E-02   -0.663980E-03   -0.231181E-02   -0.100792E-02
    0.620000E+01   -0.855951E+00    0.377564E-02   -0.722918E-03   -0.211498E-02   -0.937733E-03
    0.630000E+01   -0.848838E+00    0.358025E-02   -0.773497E-03   -0.193330E-02   -0.873452E-03
    0.640000E+01   -0.842096E+00    0.339714E-02   -0.816915E-03   -0.176570E-02   -0.814529E-03
    0.650000E+01   -0.835700E+00    0.322582E-02   -0.854172E-03   -0.161118E-02   -0.760468E-03
    0.660000E+01   -0.829625E+00    0.306569E-02   -0.886109E-03   -0.146876E-02   -0.710818E-03
    0.670000E+01   -0.823849E+00    0.291613E-02   -0.913436E-03   -0.133752E-02   -0.665172E-03
    0.680000E+01   -0.818351E+00    0.277650E-02   -0.936755E-03   -0.121659E-02   -0.623161E-03
    0.690000E+01   -0.813113E+00    0.264616E-02   -0.956575E-03   -0.110514E-02   -0.584453E-03
    0.700000E+01   -0.808118E+00    0.252449E-02   -0.973333E-03   -0.100241E-02   -0.548748E-03
    0.710000E+01   -0.803349E+00    0.241088E-02   -0.987405E-03   -0.907700E-03   -0.515775E-03
    0.720000E+01   -0.798793E+00    0.230476E-02   -0.999111E-03   -0.820355E-03   -0.485290E-03
    0.730000E+01   -0.794435E+00    0.220558E-02   -0.100873E-02   -0.739773E-03   -0.457074E-03
    0.740000E+01   -0.790264E+00    0.211284E-02   -0.101651E-02   -0.665401E-03   -0.430929E-03
    0.750000E+01   -0.786262E+00    0.202605E-02   -0.102263E-02   -0.596690E-03   -0.406731E-03
    0.760000E+01   -0.782427E+00    0.194477E-02   -0.102732E-02   -0.533248E-03   -0.384208E-03
    0.770000E+01   -0.778746E+00    0.186861E-02   -0.103072E-02   -0.474618E-03   -0.363265E-03
    0.780000E+01   -0.775214E+00    0.179717E-02   -0.103299E-02   -0.420412E-03   -0.343768E-03
    0.790000E+01   -0.771822E+00    0.173012E-02   -0.103425E-02   -0.370271E-03   -0.325598E-03
    0.800000E+01   -0.768566E+00    0.166712E-02   -0.103461E-02   -0.323878E-03   -0.308634E-03
    0.810000E+01   -0.765402E+00    0.160783E-02   -0.103410E-02   -0.280847E-03   -0.292881E-03
    0.820000E+01   -0.762374E+00    0.155205E-02   -0.103292E-02   -0.241028E-03   -0.278104E-03
    0.830000E+01   -0.759456E+00    0.149949E-02   -0.103109E-02   -0.204121E-03   -0.264279E-03
    0.840000E+01   -0.756642E+00    0.144992E-02   -0.102869E-02   -0.169898E-03   -0.251333E-03
    0.850000E+01   -0.753930E+00    0.140313E-02   -0.102578E-02   -0.138153E-03   -0.239197E-03
    0.860000E+01   -0.751311E+00    0.135892E-02   -0.102242E-02   -0.108692E-03   -0.227809E-03
    0.870000E+01   -0.748789E+00    0.131712E-02   -0.101866E-02   -0.813482E-04   -0.217104E-03
    0.880000E+01   -0.746314E+00    0.127752E-02   -0.101451E-02   -0.559040E-04   -0.207111E-03
    0.890000E+01   -0.743945E+00    0.124003E-02   -0.101006E-02   -0.322951E-04   -0.197666E-03
    0.900000E+01   -0.741655E+00    0.120447E-02   -0.100534E-02   -0.103534E-04   -0.188774E-03
    0.910000E+01   -0.739437E+00    0.117071E-02   -0.100036E-02    0.100446E-04   -0.180393E-03
    0.920000E+01   -0.737296E+00    0.113865E-02   -0.995179E-03    0.290083E-04   -0.172482E-03
    0.930000E+01   -0.735181E+00    0.110816E-02   -0.989768E-03    0.466854E-04   -0.165077E-03
    0.940000E+01   -0.733156E+00    0.107915E-02   -0.984211E-03    0.631070E-04   -0.158044E-03
    0.950000E+01   -0.731191E+00    0.105152E-02   -0.978508E-03    0.783882E-04   -0.151397E-03
    0.960000E+01   -0.729286E+00    0.102518E-02   -0.972681E-03    0.926098E-04   -0.145111E-03
    0.970000E+01   -0.727435E+00    0.100006E-02   -0.966745E-03    0.105847E-03   -0.139161E-03
    0.980000E+01   -0.725641E+00    0.976076E-03   -0.960719E-03    0.118168E-03   -0.133525E-03
    0.990000E+01   -0.723896E+00    0.953161E-03   -0.954616E-03    0.129637E-03   -0.128182E-03
    0.100000E+02   -0.722231E+00    0.931252E-03   -0.948468E-03    0.140291E-03   -0.123076E-03
