    0.000000E+00   -0.324239E+01   -0.964831E-02   -0.130700E+00    0.991101E-01    0.506377E-02
    0.100000E+00   -0.317343E+01   -0.105606E-01   -0.138848E+00    0.103897E+00    0.551857E-02
    0.200000E+00   -0.310485E+01   -0.115990E-01   -0.147909E+00    0.109080E+00    0.602554E-02
    0.300000E+00   -0.303669E+01   -0.127856E-01   -0.158001E+00    0.114688E+00    0.659080E-02
    0.400000E+00   -0.296900E+01   -0.141463E-01   -0.169253E+00    0.120743E+00    0.722067E-02
    0.500000E+00   -0.290184E+01   -0.157110E-01   -0.181796E+00    0.127255E+00    0.792133E-02
    0.600000E+00   -0.283526E+01   -0.175140E-01   -0.195756E+00    0.134218E+00    0.869830E-02
    0.700000E+00   -0.276936E+01   -0.195930E-01   -0.211234E+00    0.141601E+00    0.955569E-02
    0.800000E+00   -0.270419E+01   -0.219883E-01   -0.228292E+00    0.149341E+00    0.104953E-01
    0.900000E+00   -0.263986E+01   -0.247407E-01   -0.246929E+00    0.157333E+00    0.115158E-01
    0.100000E+01   -0.257644E+01   -0.278891E-01   -0.267060E+00    0.165435E+00    0.126119E-01
    0.110000E+01   -0.251402E+01   -0.314677E-01   -0.288505E+00    0.173467E+00    0.137740E-01
    0.120000E+01   -0.245268E+01   -0.355042E-01   -0.310995E+00    0.181230E+00    0.149890E-01
    0.130000E+01   -0.239247E+01   -0.400196E-01   -0.334190E+00    0.188522E+00    0.162412E-01
    0.140000E+01   -0.233345E+01   -0.450287E-01   -0.357720E+00    0.195159E+00    0.175134E-01
    0.150000E+01   -0.227565E+01   -0.505429E-01   -0.381215E+00    0.200991E+00    0.187888E-01
    0.160000E+01   -0.221909E+01   -0.565727E-01   -0.404343E+00    0.205906E+00    0.200511E-01
    0.170000E+01   -0.216376E+01   -0.631299E-01   -0.426822E+00    0.209830E+00    0.212851E-01
    0.180000E+01   -0.210965E+01   -0.702293E-01   -0.448425E+00    0.212719E+00    0.224760E-01
    0.190000E+01   -0.205676E+01   -0.778891E-01   -0.468982E+00    0.214552E+00    0.236091E-01
    0.200000E+01   -0.200506E+01   -0.861312E-01   -0.488363E+00    0.215321E+00    0.246689E-01
    0.210000E+01   -0.195452E+01   -0.949805E-01   -0.506475E+00    0.215025E+00    0.256384E-01
    0.220000E+01   -0.190511E+01   -0.104464E+00   -0.523243E+00    0.213665E+00    0.264991E-01
    0.230000E+01   -0.185682E+01   -0.114611E+00   -0.538613E+00    0.211244E+00    0.272303E-01
    0.240000E+01   -0.180961E+01   -0.125452E+00   -0.552533E+00    0.207762E+00    0.278095E-01
    0.250000E+01   -0.176346E+01   -0.137018E+00   -0.564957E+00    0.203222E+00    0.282125E-01
    0.260000E+01   -0.171836E+01   -0.149339E+00   -0.575840E+00    0.197626E+00    0.284147E-01
    0.270000E+01   -0.167429E+01   -0.162448E+00   -0.585130E+00    0.190986E+00    0.283916E-01
    0.280000E+01   -0.163123E+01   -0.176377E+00   -0.592776E+00    0.183318E+00    0.281207E-01
    0.290000E+01   -0.158917E+01   -0.191159E+00   -0.598717E+00    0.174654E+00    0.275831E-01
    0.300000E+01   -0.154812E+01   -0.206828E+00   -0.602889E+00    0.165041E+00    0.267656E-01
    0.310000E+01   -0.150807E+01   -0.223421E+00   -0.605219E+00    0.154546E+00    0.256632E-01
    0.320000E+01   -0.146905E+01   -0.240977E+00   -0.605631E+00    0.143263E+00    0.242809E-01
    0.330000E+01   -0.143106E+01   -0.259537E+00   -0.604043E+00    0.131310E+00    0.226360E-01
    0.340000E+01   -0.139414E+01   -0.279142E+00   -0.600370E+00    0.118835E+00    0.207592E-01
    0.350000E+01   -0.135834E+01   -0.299835E+00   -0.594531E+00    0.106014E+00    0.186953E-01
    0.360000E+01   -0.132370E+01   -0.321650E+00   -0.586452E+00    0.930503E-01    0.165020E-01
    0.370000E+01   -0.129028E+01   -0.344608E+00   -0.576081E+00    0.801677E-01    0.142477E-01
    0.380000E+01   -0.125816E+01   -0.368707E+00   -0.563400E+00    0.676031E-01    0.120064E-01
    0.390000E+01   -0.122740E+01   -0.393907E+00   -0.548442E+00    0.555935E-01    0.985217E-02
    0.400000E+01   -0.119806E+01   -0.420113E+00   -0.531309E+00    0.443606E-01    0.785185E-02
    0.410000E+01   -0.117019E+01   -0.447171E+00   -0.512190E+00    0.340931E-01    0.605811E-02
    0.420000E+01   -0.114383E+01   -0.474857E+00   -0.491359E+00    0.249302E-01    0.450453E-02
    0.430000E+01   -0.111898E+01   -0.502891E+00   -0.469171E+00    0.169501E-01    0.320366E-02
    0.440000E+01   -0.109563E+01   -0.530952E+00   -0.446036E+00    0.101670E-01    0.214879E-02
    0.450000E+01   -0.107373E+01   -0.558710E+00   -0.422386E+00    0.453624E-02    0.131847E-02
    0.460000E+01   -0.105322E+01   -0.585854E+00   -0.398639E+00   -0.321202E-04    0.682482E-03
    0.470000E+01   -0.103404E+01   -0.612113E+00   -0.375171E+00   -0.365702E-02    0.207398E-03
    0.480000E+01   -0.101610E+01   -0.637273E+00   -0.352292E+00   -0.647019E-02   -0.139135E-03
    0.490000E+01   -0.999319E+00   -0.661180E+00   -0.330246E+00   -0.860323E-02   -0.385865E-03
    0.500000E+01   -0.983626E+00   -0.683737E+00   -0.309204E+00   -0.101788E-01   -0.556852E-03
    0.510000E+01   -0.968939E+00   -0.704897E+00   -0.289276E+00   -0.113056E-01   -0.671385E-03
    0.520000E+01   -0.955185E+00   -0.724656E+00   -0.270524E+00   -0.120768E-01   -0.744454E-03
    0.530000E+01   -0.942294E+00   -0.743037E+00   -0.252964E+00   -0.125699E-01   -0.787456E-03
    0.540000E+01   -0.930204E+00   -0.760089E+00   -0.236585E+00   -0.128482E-01   -0.808909E-03
    0.550000E+01   -0.918853E+00   -0.775874E+00   -0.221354E+00   -0.129627E-01   -0.815112E-03
    0.560000E+01   -0.908186E+00   -0.790464E+00   -0.207220E+00   -0.129537E-01   -0.810678E-03
    0.570000E+01   -0.898152E+00   -0.803936E+00   -0.194126E+00   -0.128529E-01   -0.798962E-03
    0.580000E+01   -0.888703E+00   -0.816367E+00   -0.182008E+00   -0.126853E-01   -0.782395E-03
    0.590000E+01   -0.879796E+00   -0.827836E+00   -0.170801E+00   -0.124698E-01   -0.762723E-03
    0.600000E+01   -0.871390E+00   -0.838417E+00   -0.160439E+00   -0.122214E-01   -0.741199E-03
    0.610000E+01   -0.863450E+00   -0.848181E+00   -0.150860E+00   -0.119513E-01   -0.718711E-03
    0.620000E+01   -0.855940E+00   -0.857196E+00   -0.142001E+00   -0.116681E-01   -0.695885E-03
    0.630000E+01   -0.848829E+00   -0.865523E+00   -0.133805E+00   -0.113782E-01   -0.673156E-03
    0.640000E+01   -0.842090E+00   -0.873221E+00   -0.126219E+00   -0.110865E-01   -0.650822E-03
    0.650000E+01   -0.835695E+00   -0.880344E+00   -0.119192E+00   -0.107965E-01   -0.629080E-03
    0.660000E+01   -0.829622E+00   -0.886939E+00   -0.112678E+00   -0.105108E-01   -0.608057E-03
    0.670000E+01   -0.823846E+00   -0.893053E+00   -0.106634E+00   -0.102312E-01   -0.587828E-03
    0.680000E+01   -0.818349E+00   -0.898725E+00   -0.101021E+00   -0.995894E-02   -0.568430E-03
    0.690000E+01   -0.813112E+00   -0.903994E+00   -0.958042E-01   -0.969491E-02   -0.549877E-03
    0.700000E+01   -0.808117E+00   -0.908893E+00   -0.909497E-01   -0.943960E-02   -0.532161E-03
    0.710000E+01   -0.803349E+00   -0.913454E+00   -0.864280E-01   -0.919324E-02   -0.515267E-03
    0.720000E+01   -0.798793E+00   -0.917703E+00   -0.822120E-01   -0.895593E-02   -0.499167E-03
    0.730000E+01   -0.794435E+00   -0.921667E+00   -0.782768E-01   -0.872759E-02   -0.483832E-03
    0.740000E+01   -0.790264E+00   -0.925369E+00   -0.745999E-01   -0.850807E-02   -0.469226E-03
    0.750000E+01   -0.786268E+00   -0.928830E+00   -0.711609E-01   -0.829714E-02   -0.455315E-03
    0.760000E+01   -0.782436E+00   -0.932069E+00   -0.679408E-01   -0.809470E-02   -0.442072E-03
    0.770000E+01   -0.778753E+00   -0.935105E+00   -0.649205E-01   -0.776783E-02   -0.421530E-03
    0.780000E+01   -0.775227E+00   -0.937949E+00   -0.620910E-01   -0.771339E-02   -0.417413E-03
    0.790000E+01   -0.771828E+00   -0.940623E+00   -0.594287E-01   -0.732302E-02   -0.393638E-03
    0.800000E+01   -0.768559E+00   -0.943134E+00   -0.569286E-01   -0.717933E-02   -0.384333E-03
    0.810000E+01   -0.765416E+00   -0.945495E+00   -0.545767E-01   -0.708087E-02   -0.377760E-03
    0.820000E+01   -0.762397E+00   -0.947718E+00   -0.523625E-01   -0.703659E-02   -0.374522E-03
    0.830000E+01   -0.759476E+00   -0.949816E+00   -0.502705E-01   -0.666987E-02   -0.352812E-03
    0.840000E+01   -0.756658E+00   -0.951794E+00   -0.482986E-01   -0.651699E-02   -0.343386E-03
    0.850000E+01   -0.753940E+00   -0.953661E+00   -0.464362E-01   -0.637512E-02   -0.334674E-03
    0.860000E+01   -0.751314E+00   -0.955426E+00   -0.446756E-01   -0.624073E-02   -0.326458E-03
    0.870000E+01   -0.748778E+00   -0.957095E+00   -0.430097E-01   -0.611278E-02   -0.318674E-03
    0.880000E+01   -0.746326E+00   -0.958676E+00   -0.414322E-01   -0.598976E-02   -0.311224E-03
    0.890000E+01   -0.743954E+00   -0.960173E+00   -0.399371E-01   -0.587170E-02   -0.304106E-03
    0.900000E+01   -0.741659E+00   -0.961593E+00   -0.385189E-01   -0.575879E-02   -0.297332E-03
    0.910000E+01   -0.739434E+00   -0.962941E+00   -0.371727E-01   -0.564942E-02   -0.290794E-03
    0.920000E+01   -0.737281E+00   -0.964221E+00   -0.358938E-01   -0.554520E-02   -0.284591E-03
    0.930000E+01   -0.735191E+00   -0.965438E+00   -0.346778E-01   -0.544492E-02   -0.278640E-03
    0.940000E+01   -0.733166E+00   -0.966596E+00   -0.335210E-01   -0.535051E-02   -0.273054E-03
    0.950000E+01   -0.731201E+00   -0.967697E+00   -0.324196E-01   -0.526152E-02   -0.267800E-03
    0.960000E+01   -0.729293E+00   -0.968747E+00   -0.313703E-01   -0.517916E-02   -0.262936E-03
    0.970000E+01   -0.727440E+00   -0.969747E+00   -0.303699E-01   -0.510539E-02   -0.258567E-03
    0.980000E+01   -0.725641E+00   -0.970701E+00   -0.294155E-01   -0.504336E-02   -0.254862E-03
    0.990000E+01   -0.723895E+00   -0.971612E+00   -0.285045E-01   -0.499710E-02   -0.252040E-03
    0.100000E+02   -0.722218E+00   -0.972481E+00   -0.276362E-01   -0.514351E-02   -0.259753E-03
