    0.000000E+00   -0.324239E+01    0.000000E+00    0.000000E+00    0.000000E+00    0.000000E+00
    0.100000E+00   -0.317343E+01    0.000000E+00    0.000000E+00    0.000000E+00    0.000000E+00
    0.200000E+00   -0.310485E+01    0.000000E+00    0.000000E+00    0.000000E+00    0.000000E+00
    0.300000E+00   -0.303669E+01    0.000000E+00    0.000000E+00    0.000000E+00    0.000000E+00
    0.400000E+00   -0.296900E+01    0.000000E+00    0.000000E+00    0.000000E+00    0.000000E+00
    0.500000E+00   -0.290184E+01    0.000000E+00    0.000000E+00    0.000000E+00    0.000000E+00
    0.600000E+00   -0.283526E+01    0.000000E+00    0.000000E+00    0.000000E+00    0.000000E+00
    0.700000E+00   -0.276936E+01    0.000000E+00    0.000000E+00    0.000000E+00    0.000000E+00
    0.800000E+00   -0.270419E+01    0.000000E+00    0.000000E+00    0.000000E+00    0.000000E+00
    0.900000E+00   -0.263986E+01    0.000000E+00    0.000000E+00    0.000000E+00    0.000000E+00
    0.100000E+01   -0.257644E+01    0.000000E+00    0.000000E+00    0.000000E+00    0.000000E+00
    0.110000E+01   -0.251402E+01    0.000000E+00    0.000000E+00    0.000000E+00    0.000000E+00
    0.120000E+01   -0.245268E+01    0.000000E+00    0.000000E+00    0.000000E+00    0.000000E+00
    0.130000E+01   -0.239247E+01    0.000000E+00    0.000000E+00    0.000000E+00    0.000000E+00
    0.140000E+01   -0.233345E+01    0.000000E+00    0.000000E+00    0.000000E+00    0.000000E+00
    0.150000E+01   -0.227565E+01    0.000000E+00    0.000000E+00    0.000000E+00    0.000000E+00
    0.160000E+01   -0.221909E+01    0.000000E+00    0.000000E+00    0.000000E+00    0.000000E+00
    0.170000E+01   -0.216376E+01    0.000000E+00    0.000000E+00    0.000000E+00    0.000000E+00
    0.180000E+01   -0.210965E+01    0.000000E+00    0.000000E+00    0.000000E+00    0.000000E+00
    0.190000E+01   -0.205676E+01    0.000000E+00    0.000000E+00    0.000000E+00    0.000000E+00
    0.200000E+01   -0.200506E+01    0.000000E+00    0.000000E+00    0.000000E+00    0.000000E+00
    0.210000E+01   -0.195452E+01    0.000000E+00    0.000000E+00    0.000000E+00    0.000000E+00
    0.220000E+01   -0.190511E+01    0.000000E+00    0.000000E+00    0.000000E+00    0.000000E+00
    0.230000E+01   -0.185682E+01    0.000000E+00    0.000000E+00    0.000000E+00    0.000000E+00
    0.240000E+01   -0.180961E+01    0.000000E+00    0.000000E+00    0.000000E+00    0.000000E+00
    0.250000E+01   -0.176346E+01    0.000000E+00    0.000000E+00    0.000000E+00    0.000000E+00
    0.260000E+01   -0.171836E+01    0.000000E+00    0.000000E+00    0.000000E+00    0.000000E+00
    0.270000E+01   -0.167429E+01    0.000000E+00    0.000000E+00    0.000000E+00    0.000000E+00
    0.280000E+01   -0.163123E+01    0.000000E+00    0.000000E+00    0.000000E+00    0.000000E+00
    0.290000E+01   -0.158917E+01    0.000000E+00    0.000000E+00    0.000000E+00    0.000000E+00
    0.300000E+01   -0.154812E+01    0.000000E+00    0.000000E+00    0.000000E+00    0.000000E+00
    0.310000E+01   -0.150807E+01    0.000000E+00    0.000000E+00    0.000000E+00    0.000000E+00
    0.320000E+01   -0.146905E+01    0.000000E+00    0.000000E+00    0.000000E+00    0.000000E+00
    0.330000E+01   -0.143106E+01    0.000000E+00    0.000000E+00    0.000000E+00    0.000000E+00
    0.340000E+01   -0.139414E+01    0.000000E+00    0.000000E+00    0.000000E+00    0.000000E+00
    0.350000E+01   -0.135834E+01    0.000000E+00    0.000000E+00    0.000000E+00    0.000000E+00
    0.360000E+01   -0.132370E+01    0.000000E+00    0.000000E+00    0.000000E+00    0.000000E+00
    0.370000E+01   -0.129028E+01    0.000000E+00    0.000000E+00    0.000000E+00    0.000000E+00
    0.380000E+01   -0.125816E+01    0.000000E+00    0.000000E+00    0.000000E+00    0.000000E+00
    0.390000E+01   -0.122740E+01    0.000000E+00    0.000000E+00    0.000000E+00    0.000000E+00
    0.400000E+01   -0.119806E+01    0.000000E+00    0.000000E+00    0.000000E+00    0.000000E+00
    0.410000E+01   -0.117019E+01    0.000000E+00    0.000000E+00    0.000000E+00    0.000000E+00
    0.420000E+01   -0.114383E+01    0.000000E+00    0.000000E+00    0.000000E+00    0.000000E+00
    0.430000E+01   -0.111898E+01    0.000000E+00    0.000000E+00    0.000000E+00    0.000000E+00
    0.440000E+01   -0.109563E+01    0.000000E+00    0.000000E+00    0.000000E+00    0.000000E+00
    0.450000E+01   -0.107373E+01    0.000000E+00    0.000000E+00    0.000000E+00    0.000000E+00
    0.460000E+01   -0.105322E+01    0.000000E+00    0.000000E+00    0.000000E+00    0.000000E+00
    0.470000E+01   -0.103404E+01    0.000000E+00    0.000000E+00    0.000000E+00    0.000000E+00
    0.480000E+01   -0.101610E+01    0.000000E+00    0.000000E+00    0.000000E+00    0.000000E+00
    0.490000E+01   -0.999319E+00    0.000000E+00    0.000000E+00    0.000000E+00    0.000000E+00
    0.500000E+01   -0.983626E+00    0.000000E+00    0.000000E+00    0.000000E+00    0.000000E+00
    0.510000E+01   -0.968939E+00    0.000000E+00    0.000000E+00    0.000000E+00    0.000000E+00
    0.520000E+01   -0.955185E+00    0.000000E+00    0.000000E+00    0.000000E+00    0.000000E+00
    0.530000E+01   -0.942294E+00    0.000000E+00    0.000000E+00    0.000000E+00    0.000000E+00
    0.540000E+01   -0.930204E+00    0.000000E+00    0.000000E+00    0.000000E+00    0.000000E+00
    0.550000E+01   -0.918853E+00    0.000000E+00    0.000000E+00    0.000000E+00    0.000000E+00
    0.560000E+01   -0.908186E+00    0.000000E+00    0.000000E+00    0.000000E+00    0.000000E+00
    0.570000E+01   -0.898152E+00    0.000000E+00    0.000000E+00    0.000000E+00    0.000000E+00
    0.580000E+01   -0.888703E+00    0.000000E+00    0.000000E+00    0.000000E+00    0.000000E+00
    0.590000E+01   -0.879796E+00    0.000000E+00    0.000000E+00    0.000000E+00    0.000000E+00
    0.600000E+01   -0.871390E+00    0.000000E+00    0.000000E+00    0.000000E+00    0.000000E+00
    0.610000E+01   -0.863450E+00    0.000000E+00    0.000000E+00    0.000000E+00    0.000000E+00
    0.620000E+01   -0.855940E+00    0.000000E+00    0.000000E+00    0.000000E+00    0.000000E+00
    0.630000E+01   -0.848829E+00    0.000000E+00    0.000000E+00    0.000000E+00    0.000000E+00
    0.640000E+01   -0.842090E+00    0.000000E+00    0.000000E+00    0.000000E+00    0.000000E+00
    0.650000E+01   -0.835695E+00    0.000000E+00    0.000000E+00    0.000000E+00    0.000000E+00
    0.660000E+01   -0.829622E+00    0.000000E+00    0.000000E+00    0.000000E+00    0.000000E+00
    0.670000E+01   -0.823846E+00    0.000000E+00    0.000000E+00    0.000000E+00    0.000000E+00
    0.680000E+01   -0.818349E+00    0.000000E+00    0.000000E+00    0.000000E+00    0.000000E+00
    0.690000E+01   -0.813112E+00    0.000000E+00    0.000000E+00    0.000000E+00    0.000000E+00
    0.700000E+01   -0.808117E+00    0.000000E+00    0.000000E+00    0.000000E+00    0.000000E+00
    0.710000E+01   -0.803349E+00    0.000000E+00    0.000000E+00    0.000000E+00    0.000000E+00
    0.720000E+01   -0.798793E+00    0.000000E+00    0.000000E+00    0.000000E+00    0.000000E+00
    0.730000E+01   -0.794435E+00    0.000000E+00    0.000000E+00    0.000000E+00    0.000000E+00
    0.740000E+01   -0.790264E+00    0.000000E+00    0.000000E+00    0.000000E+00    0.000000E+00
    0.750000E+01   -0.786268E+00    0.000000E+00    0.000000E+00    0.000000E+00    0.000000E+00
    0.760000E+01   -0.782436E+00    0.000000E+00    0.000000E+00    0.000000E+00    0.000000E+00
    0.770000E+01   -0.778753E+00    0.000000E+00    0.000000E+00    0.000000E+00    0.000000E+00
    0.780000E+01   -0.775227E+00    0.000000E+00    0.000000E+00    0.000000E+00    0.000000E+00
    0.790000E+01   -0.771828E+00    0.000000E+00    0.000000E+00    0.000000E+00    0.000000E+00
    0.800000E+01   -0.768559E+00    0.000000E+00    0.000000E+00    0.000000E+00    0.000000E+00
    0.810000E+01   -0.765416E+00    0.000000E+00    0.000000E+00    0.000000E+00    0.000000E+00
    0.820000E+01   -0.762397E+00    0.000000E+00    0.000000E+00    0.000000E+00    0.000000E+00
    0.830000E+01   -0.759476E+00    0.000000E+00    0.000000E+00    0.000000E+00    0.000000E+00
    0.840000E+01   -0.756658E+00    0.000000E+00    0.000000E+00    0.000000E+00    0.000000E+00
    0.850000E+01   -0.753940E+00    0.000000E+00    0.000000E+00    0.000000E+00    0.000000E+00
    0.860000E+01   -0.751314E+00    0.000000E+00    0.000000E+00    0.000000E+00    0.000000E+00
    0.870000E+01   -0.748778E+00    0.000000E+00    0.000000E+00    0.000000E+00    0.000000E+00
    0.880000E+01   -0.746326E+00    0.000000E+00    0.000000E+00    0.000000E+00    0.000000E+00
    0.890000E+01   -0.743954E+00    0.000000E+00    0.000000E+00    0.000000E+00    0.000000E+00
    0.900000E+01   -0.741659E+00    0.000000E+00    0.000000E+00    0.000000E+00    0.000000E+00
    0.910000E+01   -0.739434E+00    0.000000E+00    0.000000E+00    0.000000E+00    0.000000E+00
    0.920000E+01   -0.737281E+00    0.000000E+00    0.000000E+00    0.000000E+00    0.000000E+00
    0.930000E+01   -0.735191E+00    0.000000E+00    0.000000E+00    0.000000E+00    0.000000E+00
    0.940000E+01   -0.733166E+00    0.000000E+00    0.000000E+00    0.000000E+00    0.000000E+00
    0.950000E+01   -0.731201E+00    0.000000E+00    0.000000E+00    0.000000E+00    0.000000E+00
    0.960000E+01   -0.729293E+00    0.000000E+00    0.000000E+00    0.000000E+00    0.000000E+00
    0.970000E+01   -0.727440E+00    0.000000E+00    0.000000E+00    0.000000E+00    0.000000E+00
    0.980000E+01   -0.725641E+00    0.000000E+00    0.000000E+00    0.000000E+00    0.000000E+00
    0.990000E+01   -0.723895E+00    0.000000E+00    0.000000E+00    0.000000E+00    0.000000E+00
    0.100000E+02   -0.722218E+00    0.000000E+00    0.000000E+00    0.000000E+00    0.000000E+00
