    0.000000E+00   -0.324239E+01    0.374036E-01    0.961221E+00    0.966986E+00    0.343901E-01
    0.100000E+00   -0.317343E+01    0.389041E-01    0.959880E+00    0.965827E+00    0.353888E-01
    0.200000E+00   -0.310485E+01    0.405124E-01    0.958446E+00    0.964630E+00    0.364110E-01
    0.300000E+00   -0.303669E+01    0.422427E-01    0.956908E+00    0.963393E+00    0.374561E-01
    0.400000E+00   -0.296900E+01    0.441120E-01    0.955251E+00    0.962113E+00    0.385239E-01
    0.500000E+00   -0.290184E+01    0.461403E-01    0.953460E+00    0.960785E+00    0.396149E-01
    0.600000E+00   -0.283526E+01    0.483510E-01    0.951512E+00    0.959406E+00    0.407312E-01
    0.700000E+00   -0.276936E+01    0.507707E-01    0.949384E+00    0.957969E+00    0.418769E-01
    0.800000E+00   -0.270419E+01    0.534295E-01    0.947045E+00    0.956467E+00    0.430587E-01
    0.900000E+00   -0.263986E+01    0.563595E-01    0.944463E+00    0.954891E+00    0.442865E-01
    0.100000E+01   -0.257644E+01    0.595937E-01    0.941600E+00    0.953233E+00    0.455732E-01
    0.110000E+01   -0.251402E+01    0.631643E-01    0.938421E+00    0.951481E+00    0.469340E-01
    0.120000E+01   -0.245268E+01    0.671007E-01    0.934888E+00    0.949627E+00    0.483850E-01
    0.130000E+01   -0.239247E+01    0.714288E-01    0.930968E+00    0.947662E+00    0.499412E-01
    0.140000E+01   -0.233345E+01    0.761706E-01    0.926631E+00    0.945583E+00    0.516149E-01
    0.150000E+01   -0.227565E+01    0.813453E-01    0.921854E+00    0.943387E+00    0.534141E-01
    0.160000E+01   -0.221909E+01    0.869700E-01    0.916614E+00    0.941074E+00    0.553419E-01
    0.170000E+01   -0.216376E+01    0.930618E-01    0.910892E+00    0.938649E+00    0.573966E-01
    0.180000E+01   -0.210965E+01    0.996387E-01    0.904672E+00    0.936117E+00    0.595722E-01
    0.190000E+01   -0.205676E+01    0.106720E+00    0.897935E+00    0.933487E+00    0.618586E-01
    0.200000E+01   -0.200506E+01    0.114328E+00    0.890662E+00    0.930767E+00    0.642425E-01
    0.210000E+01   -0.195452E+01    0.122486E+00    0.882836E+00    0.927971E+00    0.667070E-01
    0.220000E+01   -0.190511E+01    0.131220E+00    0.874435E+00    0.925112E+00    0.692326E-01
    0.230000E+01   -0.185682E+01    0.140557E+00    0.865440E+00    0.922207E+00    0.717965E-01
    0.240000E+01   -0.180961E+01    0.150525E+00    0.855826E+00    0.919276E+00    0.743730E-01
    0.250000E+01   -0.176346E+01    0.161156E+00    0.845572E+00    0.916339E+00    0.769332E-01
    0.260000E+01   -0.171836E+01    0.172481E+00    0.834653E+00    0.913421E+00    0.794454E-01
    0.270000E+01   -0.167429E+01    0.184534E+00    0.823041E+00    0.910549E+00    0.818748E-01
    0.280000E+01   -0.163123E+01    0.197351E+00    0.810710E+00    0.907755E+00    0.841839E-01
    0.290000E+01   -0.158917E+01    0.210970E+00    0.797625E+00    0.905072E+00    0.863331E-01
    0.300000E+01   -0.154812E+01    0.225433E+00    0.783752E+00    0.902535E+00    0.882806E-01
    0.310000E+01   -0.150807E+01    0.240783E+00    0.769049E+00    0.900184E+00    0.899831E-01
    0.320000E+01   -0.146905E+01    0.257072E+00    0.753469E+00    0.898062E+00    0.913971E-01
    0.330000E+01   -0.143106E+01    0.274350E+00    0.736959E+00    0.896212E+00    0.924791E-01
    0.340000E+01   -0.139414E+01    0.292674E+00    0.719459E+00    0.894679E+00    0.931878E-01
    0.350000E+01   -0.135834E+01    0.312098E+00    0.700907E+00    0.893509E+00    0.934856E-01
    0.360000E+01   -0.132370E+01    0.332672E+00    0.681243E+00    0.892743E+00    0.933413E-01
    0.370000E+01   -0.129028E+01    0.354432E+00    0.660416E+00    0.892418E+00    0.927340E-01
    0.380000E+01   -0.125816E+01    0.377388E+00    0.638396E+00    0.892560E+00    0.916565E-01
    0.390000E+01   -0.122740E+01    0.401513E+00    0.615189E+00    0.893179E+00    0.901201E-01
    0.400000E+01   -0.119806E+01    0.426724E+00    0.590853E+00    0.894266E+00    0.881573E-01
    0.410000E+01   -0.117019E+01    0.452872E+00    0.565513E+00    0.895791E+00    0.858235E-01
    0.420000E+01   -0.114383E+01    0.479740E+00    0.539367E+00    0.897699E+00    0.831938E-01
    0.430000E+01   -0.111898E+01    0.507048E+00    0.512675E+00    0.899920E+00    0.803571E-01
    0.440000E+01   -0.109563E+01    0.534474E+00    0.485750E+00    0.902369E+00    0.774072E-01
    0.450000E+01   -0.107373E+01    0.561683E+00    0.458920E+00    0.904964E+00    0.744327E-01
    0.460000E+01   -0.105322E+01    0.588357E+00    0.432508E+00    0.907625E+00    0.715099E-01
    0.470000E+01   -0.103404E+01    0.614217E+00    0.406798E+00    0.910287E+00    0.686979E-01
    0.480000E+01   -0.101610E+01    0.639041E+00    0.382024E+00    0.912897E+00    0.660379E-01
    0.490000E+01   -0.999319E+00    0.662666E+00    0.358360E+00    0.915419E+00    0.635548E-01
    0.500000E+01   -0.983626E+00    0.684989E+00    0.335924E+00    0.917827E+00    0.612600E-01
    0.510000E+01   -0.968939E+00    0.705954E+00    0.314782E+00    0.920109E+00    0.591548E-01
    0.520000E+01   -0.955185E+00    0.725550E+00    0.294959E+00    0.922257E+00    0.572338E-01
    0.530000E+01   -0.942294E+00    0.743797E+00    0.276445E+00    0.924271E+00    0.554872E-01
    0.540000E+01   -0.930204E+00    0.760737E+00    0.259205E+00    0.926155E+00    0.539028E-01
    0.550000E+01   -0.918853E+00    0.776429E+00    0.243189E+00    0.927914E+00    0.524673E-01
    0.560000E+01   -0.908186E+00    0.790941E+00    0.228335E+00    0.929556E+00    0.511673E-01
    0.570000E+01   -0.898152E+00    0.804348E+00    0.214574E+00    0.931087E+00    0.499899E-01
    0.580000E+01   -0.888703E+00    0.816726E+00    0.201835E+00    0.932517E+00    0.489229E-01
    0.590000E+01   -0.879796E+00    0.828149E+00    0.190044E+00    0.933852E+00    0.479551E-01
    0.600000E+01   -0.871390E+00    0.838691E+00    0.179133E+00    0.935100E+00    0.470761E-01
    0.610000E+01   -0.863450E+00    0.848423E+00    0.169033E+00    0.936268E+00    0.462768E-01
    0.620000E+01   -0.855940E+00    0.857410E+00    0.159679E+00    0.937362E+00    0.455488E-01
    0.630000E+01   -0.848829E+00    0.865713E+00    0.151013E+00    0.938389E+00    0.448848E-01
    0.640000E+01   -0.842090E+00    0.873391E+00    0.142977E+00    0.939353E+00    0.442781E-01
    0.650000E+01   -0.835695E+00    0.880496E+00    0.135520E+00    0.940261E+00    0.437229E-01
    0.660000E+01   -0.829622E+00    0.887077E+00    0.128594E+00    0.941115E+00    0.432140E-01
    0.670000E+01   -0.823846E+00    0.893178E+00    0.122154E+00    0.941921E+00    0.427468E-01
    0.680000E+01   -0.818349E+00    0.898839E+00    0.116162E+00    0.942683E+00    0.423171E-01
    0.690000E+01   -0.813112E+00    0.904098E+00    0.110578E+00    0.943402E+00    0.419213E-01
    0.700000E+01   -0.808117E+00    0.908988E+00    0.105372E+00    0.944084E+00    0.415561E-01
    0.710000E+01   -0.803349E+00    0.913541E+00    0.100510E+00    0.944730E+00    0.412186E-01
    0.720000E+01   -0.798793E+00    0.917783E+00    0.959668E-01    0.945343E+00    0.409064E-01
    0.730000E+01   -0.794435E+00    0.921741E+00    0.917156E-01    0.945926E+00    0.406170E-01
    0.740000E+01   -0.790264E+00    0.925438E+00    0.877334E-01    0.946480E+00    0.403484E-01
    0.750000E+01   -0.786268E+00    0.928894E+00    0.839994E-01    0.947008E+00    0.400988E-01
    0.760000E+01   -0.782436E+00    0.932129E+00    0.804941E-01    0.947511E+00    0.398665E-01
    0.770000E+01   -0.778753E+00    0.935160E+00    0.771995E-01    0.947991E+00    0.396496E-01
    0.780000E+01   -0.775227E+00    0.938001E+00    0.741017E-01    0.948449E+00    0.394480E-01
    0.790000E+01   -0.771828E+00    0.940670E+00    0.711833E-01    0.948887E+00    0.392590E-01
    0.800000E+01   -0.768559E+00    0.943179E+00    0.684327E-01    0.949306E+00    0.390824E-01
    0.810000E+01   -0.765416E+00    0.945538E+00    0.658378E-01    0.949707E+00    0.389173E-01
    0.820000E+01   -0.762397E+00    0.947759E+00    0.633875E-01    0.950091E+00    0.387628E-01
    0.830000E+01   -0.759476E+00    0.949853E+00    0.610700E-01    0.950460E+00    0.386172E-01
    0.840000E+01   -0.756658E+00    0.951829E+00    0.588774E-01    0.950813E+00    0.384806E-01
    0.850000E+01   -0.753940E+00    0.953694E+00    0.568008E-01    0.951153E+00    0.383521E-01
    0.860000E+01   -0.751314E+00    0.955458E+00    0.548323E-01    0.951479E+00    0.382313E-01
    0.870000E+01   -0.748778E+00    0.957125E+00    0.529647E-01    0.951792E+00    0.381174E-01
    0.880000E+01   -0.746326E+00    0.958704E+00    0.511913E-01    0.952094E+00    0.380101E-01
    0.890000E+01   -0.743954E+00    0.960201E+00    0.495060E-01    0.952385E+00    0.379087E-01
    0.900000E+01   -0.741659E+00    0.961620E+00    0.479030E-01    0.952664E+00    0.378130E-01
    0.910000E+01   -0.739434E+00    0.962966E+00    0.463772E-01    0.952934E+00    0.377225E-01
    0.920000E+01   -0.737281E+00    0.964245E+00    0.449238E-01    0.953194E+00    0.376369E-01
    0.930000E+01   -0.735191E+00    0.965461E+00    0.435382E-01    0.953445E+00    0.375558E-01
    0.940000E+01   -0.733166E+00    0.966618E+00    0.422164E-01    0.953687E+00    0.374789E-01
    0.950000E+01   -0.731201E+00    0.967719E+00    0.409545E-01    0.953921E+00    0.374061E-01
    0.960000E+01   -0.729293E+00    0.968767E+00    0.397489E-01    0.954147E+00    0.373369E-01
    0.970000E+01   -0.727440E+00    0.969767E+00    0.385965E-01    0.954365E+00    0.372712E-01
    0.980000E+01   -0.725641E+00    0.970721E+00    0.374940E-01    0.954577E+00    0.372088E-01
    0.990000E+01   -0.723895E+00    0.971631E+00    0.364388E-01    0.954781E+00    0.371495E-01
    0.100000E+02   -0.722218E+00    0.972500E+00    0.354285E-01    0.954978E+00    0.370933E-01
