    0.000000E+00    0.203352E-18   -0.234272E-16   -0.300483E-16   -0.112686E-19
    0.100000E+00    0.827074E-19    0.836527E-17    0.122846E-15   -0.484083E-19
    0.200000E+00   -0.503092E-18   -0.650985E-16   -0.356114E-15   -0.130347E-19
    0.300000E+00   -0.268811E-18    0.590430E-16    0.312949E-15   -0.175263E-18
    0.400000E+00    0.483485E-18    0.265931E-15   -0.464220E-15   -0.186503E-18
    0.500000E+00    0.236688E-17    0.696520E-15   -0.111622E-14    0.289166E-18
    0.600000E+00   -0.265734E-17    0.376226E-15   -0.632885E-16    0.199568E-18
    0.700000E+00    0.281710E-17   -0.446052E-15    0.659864E-15   -0.270146E-18
    0.800000E+00    0.463053E-17    0.420919E-16    0.302106E-15    0.218670E-18
    0.900000E+00    0.449794E-17   -0.470294E-15    0.180970E-14   -0.879288E-18
    0.100000E+01    0.112723E-17   -0.166845E-15   -0.810789E-15   -0.175268E-18
    0.110000E+01    0.979616E-17   -0.147357E-14   -0.201548E-14    0.234126E-17
    0.120000E+01    0.834752E-17    0.615730E-15   -0.193399E-14    0.156113E-17
    0.130000E+01   -0.585380E-17    0.212907E-15   -0.166081E-15    0.704178E-19
    0.140000E+01    0.472115E-17   -0.320415E-15    0.232426E-16    0.276516E-18
    0.150000E+01   -0.142208E-16    0.694233E-15    0.692469E-15   -0.645422E-18
    0.160000E+01   -0.137741E-16    0.226348E-14   -0.951438E-15   -0.276509E-17
    0.170000E+01   -0.851912E-17   -0.353310E-15   -0.199394E-15   -0.838375E-19
    0.180000E+01   -0.113057E-16    0.634853E-16   -0.730968E-15   -0.300158E-17
    0.190000E+01   -0.245973E-18   -0.560799E-16   -0.149261E-16    0.110185E-18
    0.200000E+01   -0.124126E-19   -0.890305E-17    0.157160E-16   -0.136621E-19
    0.210000E+01   -0.202340E-17    0.724954E-15   -0.122877E-15   -0.365523E-17
    0.220000E+01    0.962060E-18   -0.331065E-17   -0.133215E-16    0.752375E-18
    0.230000E+01    0.698994E-17    0.175961E-15    0.146216E-15    0.162695E-17
    0.240000E+01   -0.121178E-16    0.261626E-15   -0.119943E-15   -0.155064E-17
    0.250000E+01    0.137649E-17    0.320170E-16    0.631699E-16    0.145718E-18
    0.260000E+01    0.467022E-18   -0.252262E-16   -0.438406E-16    0.187237E-18
    0.270000E+01    0.439690E-17   -0.104127E-15   -0.100681E-15    0.109605E-17
    0.280000E+01   -0.100118E-17    0.892726E-16   -0.274671E-16   -0.145460E-17
    0.290000E+01   -0.210995E-17    0.400517E-16   -0.411671E-17   -0.401385E-19
    0.300000E+01    0.204079E-18    0.103861E-16   -0.277287E-16    0.697329E-18
    0.310000E+01   -0.594902E-17   -0.289042E-16    0.106833E-16   -0.160621E-18
    0.320000E+01    0.368019E-17   -0.122519E-16   -0.352723E-17    0.344290E-18
    0.330000E+01    0.423312E-17   -0.544662E-17   -0.285829E-16    0.473539E-18
    0.340000E+01   -0.333563E-17    0.316286E-16    0.102126E-16    0.391556E-18
    0.350000E+01    0.552507E-17   -0.724719E-17    0.390326E-16   -0.330343E-17
    0.360000E+01    0.387977E-17    0.715299E-17    0.323108E-16   -0.103249E-17
    0.370000E+01    0.327309E-16   -0.293724E-17   -0.282959E-16    0.229656E-17
    0.380000E+01   -0.299378E-17   -0.105512E-16    0.863361E-17    0.601305E-18
    0.390000E+01   -0.113884E-16    0.846474E-16   -0.298966E-16   -0.487429E-17
    0.400000E+01    0.313424E-16    0.139362E-16   -0.314166E-16    0.173197E-17
    0.410000E+01    0.466834E-16    0.362088E-17   -0.287248E-16   -0.351081E-17
    0.420000E+01   -0.216435E-16   -0.740676E-17    0.279757E-17    0.853526E-17
    0.430000E+01    0.870513E-16   -0.101442E-16   -0.385480E-16   -0.616651E-17
    0.440000E+01    0.179233E-16    0.336118E-16    0.126845E-16   -0.111211E-16
    0.450000E+01    0.182065E-15   -0.802646E-18   -0.455596E-17    0.983280E-17
    0.460000E+01    0.242600E-16   -0.473286E-16   -0.678843E-16    0.101313E-16
    0.470000E+01   -0.115151E-15    0.168158E-16    0.204709E-16   -0.557299E-17
    0.480000E+01   -0.636189E-16   -0.109560E-16    0.940893E-16   -0.160426E-17
    0.490000E+01   -0.107392E-16   -0.840186E-17    0.216769E-17   -0.262528E-17
    0.500000E+01   -0.390213E-15    0.422283E-16    0.306369E-16    0.628058E-17
    0.510000E+01   -0.139234E-15    0.726382E-17    0.334079E-16   -0.103925E-16
    0.520000E+01   -0.137151E-16   -0.361866E-16   -0.161625E-16   -0.783876E-18
    0.530000E+01   -0.680959E-16    0.141676E-17    0.146798E-16   -0.712962E-17
    0.540000E+01    0.398817E-16   -0.435921E-17   -0.124481E-17    0.416701E-17
    0.550000E+01    0.154866E-15   -0.946266E-17   -0.176063E-15    0.158856E-16
    0.560000E+01   -0.124381E-15   -0.433338E-17    0.446150E-17    0.207452E-16
    0.570000E+01   -0.240065E-16   -0.583869E-17    0.690409E-18    0.256392E-17
    0.580000E+01    0.687454E-16    0.135338E-17    0.116398E-16   -0.986022E-18
    0.590000E+01    0.141892E-15    0.320673E-17    0.815825E-16   -0.127389E-16
    0.600000E+01   -0.124604E-15   -0.160474E-16    0.247022E-16   -0.916110E-17
    0.610000E+01   -0.264750E-17    0.199978E-17   -0.134142E-17    0.495644E-17
    0.620000E+01    0.401513E-16    0.393200E-17   -0.563254E-16   -0.439699E-17
    0.630000E+01    0.193152E-18    0.667438E-18    0.595098E-16    0.111504E-17
    0.640000E+01   -0.319440E-15   -0.158797E-16   -0.445892E-16   -0.773698E-17
    0.650000E+01    0.136533E-15   -0.139240E-18   -0.425989E-16   -0.135362E-16
    0.660000E+01    0.449246E-16    0.160490E-18   -0.463261E-16   -0.230763E-17
    0.670000E+01    0.221329E-15   -0.261226E-18    0.642487E-17    0.643303E-18
    0.680000E+01   -0.132610E-16   -0.402622E-20   -0.782681E-16    0.924321E-17
    0.690000E+01   -0.232895E-17   -0.565637E-19    0.620158E-16    0.426963E-17
    0.700000E+01   -0.754931E-17    0.325917E-20    0.107054E-15    0.766817E-18
    0.710000E+01   -0.282795E-17    0.206490E-18   -0.202322E-16   -0.134984E-16
    0.720000E+01    0.158988E-17   -0.451643E-19   -0.219455E-18   -0.763070E-17
    0.730000E+01   -0.251664E-17   -0.155591E-17    0.822227E-16    0.161583E-17
    0.740000E+01   -0.343798E-17   -0.258308E-18    0.245634E-16    0.800175E-18
    0.750000E+01   -0.138941E-17    0.179189E-17   -0.122714E-16   -0.224555E-17
    0.760000E+01   -0.323253E-16    0.315241E-18   -0.309484E-16    0.148750E-17
    0.770000E+01    0.119823E-16    0.234236E-17   -0.835790E-16   -0.457754E-18
    0.780000E+01    0.550724E-18    0.121892E-17    0.238992E-15   -0.291722E-16
    0.790000E+01    0.355795E-17   -0.417801E-18    0.298251E-16   -0.172821E-16
    0.800000E+01   -0.224021E-17   -0.786068E-19    0.667680E-16   -0.248398E-17
    0.810000E+01    0.743180E-18    0.226154E-17    0.770958E-16   -0.769567E-17
    0.820000E+01    0.658290E-18    0.102101E-17   -0.224369E-15   -0.421939E-16
    0.830000E+01   -0.151837E-16   -0.400805E-17    0.401735E-16   -0.302678E-16
    0.840000E+01   -0.192478E-16   -0.967935E-18    0.644257E-16    0.125465E-15
    0.850000E+01    0.409998E-17    0.578004E-17   -0.640177E-16    0.294885E-17
    0.860000E+01    0.761655E-17   -0.231196E-17   -0.296563E-15   -0.336834E-17
    0.870000E+01   -0.578411E-17    0.596503E-18    0.206744E-15    0.372336E-17
    0.880000E+01   -0.297491E-17    0.110440E-16    0.224343E-16   -0.671254E-17
    0.890000E+01    0.649613E-18   -0.320864E-16   -0.606032E-16    0.751592E-18
    0.900000E+01   -0.638175E-17    0.154559E-17   -0.206523E-15   -0.961683E-17
    0.910000E+01   -0.619153E-18   -0.309693E-16   -0.148567E-15    0.383432E-16
    0.920000E+01   -0.330716E-17    0.323087E-17   -0.340201E-15   -0.871040E-17
    0.930000E+01    0.111133E-17    0.193214E-16   -0.717292E-16    0.905878E-17
    0.940000E+01    0.176950E-16    0.635550E-17   -0.170472E-15    0.417108E-17
    0.950000E+01    0.104999E-17    0.637346E-17   -0.200626E-15   -0.390829E-17
    0.960000E+01   -0.486067E-16   -0.190237E-16   -0.404941E-15    0.230446E-16
    0.970000E+01   -0.824254E-17    0.303036E-16    0.658751E-15   -0.248663E-16
    0.980000E+01   -0.290358E-18   -0.113670E-16   -0.213948E-14    0.769446E-17
    0.990000E+01    0.122583E-17    0.226962E-16    0.301210E-16    0.591860E-17
    0.100000E+02    0.141144E-17    0.282138E-16    0.768861E-16   -0.766785E-17
    0.101000E+02    0.225993E-17    0.239377E-16   -0.459292E-17   -0.273348E-16
    0.102000E+02    0.190735E-18    0.527841E-16    0.154381E-14   -0.595449E-17
    0.103000E+02   -0.392523E-17   -0.189731E-17   -0.869180E-16    0.721482E-17
    0.104000E+02   -0.102828E-15   -0.196994E-16   -0.319998E-15    0.115699E-16
    0.105000E+02    0.121722E-17    0.147353E-16    0.853294E-15    0.168823E-16
    0.106000E+02    0.287841E-16    0.689179E-17   -0.386506E-15   -0.110254E-18
    0.107000E+02   -0.155280E-18   -0.607916E-16    0.118232E-15   -0.116750E-16
    0.108000E+02   -0.708358E-16    0.106273E-16   -0.181099E-15   -0.153518E-16
    0.109000E+02    0.363183E-18   -0.290319E-17    0.600354E-15    0.782981E-16
    0.110000E+02   -0.385643E-16    0.217750E-16   -0.117598E-14    0.154306E-17
    0.111000E+02    0.471729E-16   -0.125489E-16   -0.195842E-15   -0.514334E-17
    0.112000E+02   -0.524586E-18    0.143497E-16    0.298550E-15   -0.407264E-17
    0.113000E+02   -0.575637E-17    0.467857E-17   -0.183049E-16   -0.779074E-17
    0.114000E+02   -0.118549E-16    0.318912E-16    0.572332E-16    0.979777E-17
    0.115000E+02    0.950995E-16    0.577569E-16   -0.184340E-15   -0.492616E-17
    0.116000E+02   -0.225878E-17    0.243689E-17   -0.946387E-16   -0.441494E-16
    0.117000E+02   -0.903949E-18   -0.281034E-16   -0.736094E-17   -0.108821E-16
    0.118000E+02    0.112024E-17    0.884995E-16    0.325001E-15   -0.448884E-17
    0.119000E+02   -0.155033E-16   -0.189063E-16    0.119870E-15    0.205804E-16
    0.120000E+02   -0.117784E-16   -0.195090E-15    0.506053E-15    0.699970E-17
    0.121000E+02    0.696373E-16    0.186901E-16   -0.104446E-15    0.231956E-16
    0.122000E+02   -0.730198E-18    0.327376E-16   -0.176832E-14   -0.469096E-16
    0.123000E+02   -0.159450E-16    0.168520E-15    0.542142E-15    0.178389E-16
    0.124000E+02   -0.123128E-16   -0.107203E-16    0.786468E-16    0.221148E-16
    0.125000E+02    0.483230E-17   -0.257279E-16    0.947961E-17   -0.383532E-16
    0.126000E+02   -0.124825E-18    0.314713E-17    0.910141E-16   -0.845510E-17
    0.127000E+02   -0.866517E-19    0.389651E-16   -0.198335E-14    0.116870E-15
    0.128000E+02   -0.888581E-17    0.148959E-17   -0.197441E-15    0.682131E-16
    0.129000E+02   -0.889555E-19    0.260782E-16   -0.228440E-15    0.913840E-16
    0.130000E+02   -0.101802E-16   -0.124835E-16   -0.169892E-18   -0.365491E-18
    0.131000E+02    0.524196E-18   -0.158107E-16    0.332092E-15    0.230515E-15
    0.132000E+02   -0.583861E-19    0.415223E-17    0.110065E-15    0.672380E-17
    0.133000E+02    0.467018E-20    0.642603E-16    0.345989E-14    0.700078E-18
    0.134000E+02   -0.513852E-17    0.829890E-16   -0.688912E-15   -0.189640E-17
    0.135000E+02    0.762904E-17    0.432436E-16    0.903904E-15   -0.330758E-17
    0.136000E+02   -0.107497E-17    0.193250E-16    0.231150E-14   -0.579734E-18
    0.137000E+02    0.385945E-18   -0.408135E-16    0.125905E-14   -0.443493E-17
    0.138000E+02    0.748345E-20    0.307929E-16    0.513378E-15   -0.187633E-16
    0.139000E+02   -0.518043E-17   -0.615892E-17    0.110072E-14   -0.193788E-17
    0.140000E+02    0.220776E-17   -0.975229E-17   -0.934715E-17    0.356688E-17
    0.141000E+02   -0.346650E-16    0.626510E-16    0.338250E-15   -0.771064E-17
    0.142000E+02    0.391205E-19   -0.378509E-16   -0.118383E-15   -0.112515E-17
    0.143000E+02   -0.177433E-18   -0.884111E-18    0.461998E-15    0.166684E-17
    0.144000E+02    0.198531E-16    0.265862E-17    0.128359E-15   -0.167979E-17
    0.145000E+02    0.155548E-18   -0.806460E-17   -0.171754E-15    0.242218E-17
    0.146000E+02    0.386228E-18    0.112327E-16    0.380416E-15   -0.653493E-17
    0.147000E+02    0.494399E-19   -0.154732E-16   -0.268354E-14   -0.175744E-16
    0.148000E+02    0.102656E-18    0.407995E-17    0.156954E-16   -0.135553E-16
    0.149000E+02    0.122180E-16    0.240798E-16   -0.236431E-15   -0.434525E-17
    0.150000E+02   -0.414347E-18    0.209463E-16    0.121485E-15   -0.195213E-18
    0.151000E+02    0.471047E-19    0.602229E-17   -0.182313E-15   -0.388159E-17
    0.152000E+02    0.579257E-18    0.423744E-17    0.211328E-16    0.263685E-16
    0.153000E+02    0.427905E-18    0.693793E-17   -0.144348E-15    0.604555E-17
    0.154000E+02   -0.136957E-17   -0.572541E-17   -0.117701E-15   -0.566608E-17
    0.155000E+02   -0.992540E-18    0.584612E-16    0.400075E-16   -0.315790E-17
    0.156000E+02    0.135362E-17   -0.217406E-17   -0.448021E-16   -0.396018E-17
    0.157000E+02   -0.250807E-18    0.100325E-16   -0.391670E-15    0.727029E-18
    0.158000E+02    0.258221E-17   -0.199240E-17   -0.366209E-15    0.190687E-17
    0.159000E+02   -0.348648E-18    0.634003E-17   -0.170772E-15    0.788897E-18
    0.160000E+02   -0.974921E-18    0.184827E-17   -0.374430E-16    0.148306E-17
    0.161000E+02   -0.233250E-17    0.342757E-18   -0.882310E-16    0.127618E-17
    0.162000E+02   -0.110697E-17   -0.476354E-17    0.230898E-15   -0.122494E-17
    0.163000E+02   -0.168863E-17    0.503724E-17   -0.149646E-15   -0.443692E-17
    0.164000E+02   -0.151724E-16    0.410872E-17   -0.119917E-16    0.780625E-18
    0.165000E+02   -0.110603E-17    0.306402E-17    0.211177E-15    0.185665E-17
    0.166000E+02   -0.318866E-18   -0.774099E-17    0.680671E-16    0.199103E-17
    0.167000E+02    0.597436E-18    0.313386E-16   -0.214903E-15   -0.528744E-17
    0.168000E+02    0.188928E-18   -0.852011E-18   -0.812280E-16    0.387726E-17
    0.169000E+02   -0.229745E-18    0.137637E-15   -0.207467E-15    0.226424E-17
    0.170000E+02    0.237246E-17   -0.211672E-17    0.451593E-16   -0.168414E-17
    0.171000E+02   -0.142252E-18   -0.357580E-16    0.321412E-15    0.298944E-18
    0.172000E+02    0.848703E-17   -0.326447E-16   -0.745469E-15    0.770379E-17
    0.173000E+02    0.322066E-17   -0.225995E-17   -0.263696E-14    0.205317E-17
    0.174000E+02    0.287264E-18   -0.334194E-16    0.769876E-16   -0.366421E-17
    0.175000E+02   -0.170158E-17    0.346584E-17   -0.519030E-16    0.125269E-17
    0.176000E+02   -0.209231E-17    0.301841E-16    0.630387E-16   -0.564001E-18
    0.177000E+02   -0.347549E-17   -0.291668E-16    0.851101E-16   -0.133739E-16
    0.178000E+02   -0.895976E-18    0.602792E-18   -0.142928E-16    0.152237E-17
    0.179000E+02   -0.155381E-17    0.475167E-17   -0.169109E-15    0.300388E-17
    0.180000E+02   -0.410608E-19   -0.949804E-17    0.912836E-15   -0.441377E-17
    0.181000E+02    0.932395E-18    0.241574E-16    0.568361E-15    0.269918E-17
    0.182000E+02   -0.308939E-17   -0.895328E-18    0.102725E-15    0.162609E-17
    0.183000E+02   -0.402036E-17    0.742453E-17   -0.600257E-15    0.684310E-17
    0.184000E+02    0.316544E-17    0.254343E-18    0.172870E-15   -0.195969E-18
    0.185000E+02   -0.229421E-17   -0.403615E-18   -0.584266E-16   -0.715595E-18
    0.186000E+02   -0.161412E-18    0.532170E-19    0.388338E-16   -0.382564E-18
    0.187000E+02    0.195420E-17   -0.120899E-17   -0.107337E-15    0.824629E-18
    0.188000E+02    0.271982E-18    0.303553E-17   -0.106860E-15   -0.320502E-18
    0.189000E+02   -0.938984E-18    0.513020E-17   -0.175134E-16    0.104025E-16
    0.190000E+02   -0.116772E-17   -0.118832E-17    0.485851E-16   -0.226132E-18
    0.191000E+02   -0.184096E-17    0.109665E-17    0.851968E-16    0.440524E-17
    0.192000E+02    0.212276E-17    0.397369E-18    0.199045E-15    0.363967E-17
    0.193000E+02    0.358620E-17   -0.210750E-17    0.389382E-16    0.391315E-18
    0.194000E+02   -0.846368E-20    0.984201E-19   -0.398328E-16   -0.204088E-17
    0.195000E+02    0.612098E-19    0.292470E-17    0.225737E-16   -0.390460E-17
    0.196000E+02    0.147829E-17    0.263133E-17   -0.221448E-16   -0.246428E-17
    0.197000E+02    0.997056E-17   -0.254383E-17    0.158590E-15    0.159360E-17
    0.198000E+02    0.813469E-17   -0.724254E-17   -0.812933E-16    0.343732E-17
    0.199000E+02   -0.398603E-19   -0.103403E-17    0.598884E-16    0.293566E-17
    0.200000E+02    0.853105E-18   -0.281820E-17   -0.195201E-16    0.714254E-17
