    0.000000E+00    0.146120E-18   -0.117609E-16   -0.103444E-16   -0.339302E-19
    0.100000E+00    0.598480E-19    0.427652E-17    0.423525E-16   -0.114888E-18
    0.200000E+00   -0.367167E-18   -0.339134E-16   -0.122946E-15   -0.258546E-19
    0.300000E+00   -0.198170E-18    0.313665E-16    0.108187E-15   -0.301712E-18
    0.400000E+00    0.360586E-18    0.144172E-15   -0.160681E-15   -0.286074E-18
    0.500000E+00    0.178850E-17    0.385637E-15   -0.386806E-15    0.402934E-18
    0.600000E+00   -0.203750E-17    0.212892E-15   -0.219549E-16    0.256393E-18
    0.700000E+00    0.219499E-17   -0.258165E-15    0.229129E-15   -0.323752E-18
    0.800000E+00    0.367180E-17    0.249378E-16    0.104991E-15    0.246767E-18
    0.900000E+00    0.363508E-17   -0.285450E-15    0.629380E-15   -0.941598E-18
    0.100000E+01    0.929817E-18   -0.103835E-15   -0.282141E-15   -0.179251E-18
    0.110000E+01    0.825946E-17   -0.941109E-15   -0.701651E-15    0.229922E-17
    0.120000E+01    0.720433E-17    0.403911E-15   -0.673446E-15    0.147888E-17
    0.130000E+01   -0.517897E-17    0.143585E-15   -0.578341E-16    0.646010E-19
    0.140000E+01    0.428799E-17   -0.222367E-15    0.809220E-17    0.246489E-18
    0.150000E+01   -0.132791E-16    0.496279E-15    0.240982E-15   -0.560656E-18
    0.160000E+01   -0.132430E-16    0.166842E-14   -0.330852E-15   -0.234647E-17
    0.170000E+01   -0.844600E-17   -0.268815E-15   -0.692599E-16   -0.696499E-19
    0.180000E+01   -0.115758E-16    0.499141E-16   -0.253518E-15   -0.244567E-17
    0.190000E+01   -0.260507E-18   -0.456156E-16   -0.516646E-17    0.881865E-19
    0.200000E+01   -0.136197E-19   -0.750117E-17    0.542610E-17   -0.107543E-19
    0.210000E+01   -0.230397E-17    0.633488E-15   -0.422904E-16   -0.283280E-17
    0.220000E+01    0.113874E-17   -0.300442E-17   -0.456701E-17    0.574542E-18
    0.230000E+01    0.861556E-17    0.166070E-15    0.498901E-16    0.122491E-17
    0.240000E+01   -0.155816E-16    0.257173E-15   -0.406924E-16   -0.115147E-17
    0.250000E+01    0.184992E-17    0.328295E-16    0.212856E-16    0.106743E-18
    0.260000E+01    0.657288E-18   -0.270258E-16   -0.146533E-16    0.135298E-18
    0.270000E+01    0.649345E-17   -0.116752E-15   -0.333317E-16    0.781104E-18
    0.280000E+01   -0.155473E-17    0.104945E-15   -0.899225E-17   -0.102190E-17
    0.290000E+01   -0.345264E-17    0.494537E-16   -0.133031E-17   -0.277809E-19
    0.300000E+01    0.352666E-18    0.134954E-16   -0.882664E-17    0.475103E-18
    0.310000E+01   -0.108809E-16   -0.395999E-16    0.334240E-17   -0.107618E-18
    0.320000E+01    0.714042E-17   -0.177337E-16   -0.108195E-17    0.226585E-18
    0.330000E+01    0.873233E-17   -0.834585E-17   -0.857329E-17    0.305709E-18
    0.340000E+01   -0.733237E-17    0.514116E-16    0.298689E-17    0.247601E-18
    0.350000E+01    0.129707E-16   -0.125222E-16    0.110982E-16   -0.204287E-17
    0.360000E+01    0.974840E-17    0.131651E-16    0.890364E-17   -0.623368E-18
    0.370000E+01    0.882042E-16   -0.577020E-17   -0.753270E-17    0.135130E-17
    0.380000E+01   -0.866981E-17   -0.221689E-16    0.221320E-17    0.344196E-18
    0.390000E+01   -0.355064E-16    0.190591E-15   -0.735612E-17   -0.270940E-17
    0.400000E+01    0.105379E-15    0.336918E-16   -0.739607E-17    0.933192E-18
    0.410000E+01    0.169517E-15    0.941689E-17   -0.645014E-17   -0.183038E-17
    0.420000E+01   -0.849905E-16   -0.207604E-16    0.597419E-18    0.429849E-17
    0.430000E+01    0.370070E-15   -0.306990E-16   -0.780674E-17   -0.299503E-17
    0.440000E+01    0.825605E-16    0.110020E-15    0.242986E-17   -0.520126E-17
    0.450000E+01    0.909324E-15   -0.284669E-17   -0.823548E-18    0.442200E-17
    0.460000E+01    0.131437E-15   -0.182197E-15   -0.115542E-16    0.437540E-17
    0.470000E+01   -0.676918E-15    0.703908E-16    0.327441E-17   -0.230851E-17
    0.480000E+01   -0.405811E-15   -0.499613E-16    0.141196E-16   -0.636703E-18
    0.490000E+01   -0.743232E-16   -0.418192E-16    0.304741E-18   -0.997327E-18
    0.500000E+01   -0.292917E-14    0.229887E-15    0.402986E-17    0.228185E-17
    0.510000E+01   -0.113315E-14    0.433464E-16    0.410730E-17   -0.360832E-17
    0.520000E+01   -0.120947E-15   -0.237285E-15   -0.185573E-17   -0.259924E-18
    0.530000E+01   -0.650235E-15    0.102360E-16    0.157304E-17   -0.225650E-17
    0.540000E+01    0.412035E-15   -0.348085E-16   -0.124430E-18    0.125822E-17
    0.550000E+01    0.172960E-14   -0.838003E-16   -0.164115E-16    0.457439E-17
    0.560000E+01   -0.150026E-14   -0.427325E-16    0.387731E-18    0.569518E-17
    0.570000E+01   -0.312408E-15   -0.644139E-16    0.559362E-19    0.670885E-18
    0.580000E+01    0.964189E-15    0.167962E-16    0.879188E-18   -0.245870E-18
    0.590000E+01    0.214255E-14    0.450655E-16    0.574558E-17   -0.302672E-17
    0.600000E+01   -0.202334E-14   -0.257416E-15    0.162243E-17   -0.207388E-17
    0.610000E+01   -0.461795E-16    0.369757E-16   -0.821877E-19    0.106903E-17
    0.620000E+01    0.751434E-15    0.848375E-16   -0.322037E-17   -0.903597E-18
    0.630000E+01    0.387408E-17    0.170721E-16    0.317628E-17    0.218341E-18
    0.640000E+01   -0.685866E-14   -0.491735E-15   -0.222269E-17   -0.144373E-17
    0.650000E+01    0.313451E-14   -0.537391E-17   -0.198413E-17   -0.240736E-17
    0.660000E+01    0.110156E-14    0.805781E-17   -0.201714E-17   -0.391210E-18
    0.670000E+01    0.578980E-14   -0.182830E-16    0.261664E-18    0.103979E-18
    0.680000E+01   -0.369679E-15   -0.447480E-18   -0.298311E-17    0.142471E-17
    0.690000E+01   -0.691128E-16   -0.140580E-16    0.221328E-17    0.627727E-18
    0.700000E+01   -0.238227E-15   -0.497784E-17    0.357958E-17    0.107562E-18
    0.710000E+01   -0.947946E-16   -0.408356E-16   -0.634188E-18   -0.180698E-17
    0.720000E+01    0.565533E-16    0.490931E-17   -0.645233E-20   -0.975129E-18
    0.730000E+01   -0.948988E-16    0.118767E-15    0.226889E-17    0.197173E-18
    0.740000E+01   -0.137297E-15    0.153994E-16    0.636522E-18    0.932660E-19
    0.750000E+01   -0.587070E-16   -0.885582E-16   -0.298794E-18   -0.250083E-18
    0.760000E+01   -0.144376E-14   -0.134181E-16   -0.708467E-18    0.158337E-18
    0.770000E+01    0.565182E-15   -0.881744E-16   -0.179981E-17   -0.465866E-19
    0.780000E+01    0.274088E-16   -0.413768E-16    0.484399E-17   -0.283954E-17
    0.790000E+01    0.186675E-15    0.129808E-16    0.569288E-18   -0.160943E-17
    0.800000E+01   -0.123805E-15    0.226170E-17    0.120084E-17   -0.221395E-18
    0.810000E+01    0.432263E-16   -0.608319E-16    0.130720E-17   -0.656688E-18
    0.820000E+01    0.402650E-16   -0.258759E-16   -0.358835E-17   -0.344830E-17
    0.830000E+01   -0.975899E-15    0.963318E-16    0.606335E-18   -0.236990E-17
    0.840000E+01   -0.129895E-14    0.221849E-16    0.918097E-18    0.941482E-17
    0.850000E+01    0.290306E-15   -0.126934E-15   -0.861778E-18    0.212147E-18
    0.860000E+01    0.565433E-15    0.488487E-16   -0.377297E-17   -0.232403E-18
    0.870000E+01   -0.449886E-15   -0.121695E-16    0.248695E-17    0.246463E-18
    0.880000E+01   -0.242262E-15   -0.218247E-15    0.255276E-18   -0.426426E-18
    0.890000E+01    0.553508E-16    0.615920E-15   -0.652591E-18    0.458380E-19
    0.900000E+01   -0.568570E-15   -0.288914E-16   -0.210544E-17   -0.563260E-18
    0.910000E+01   -0.576425E-16    0.565004E-15   -0.143451E-17    0.215746E-17
    0.920000E+01   -0.321538E-15   -0.576456E-16   -0.311237E-17   -0.470995E-18
    0.930000E+01    0.112770E-15   -0.337760E-15   -0.621997E-18    0.470884E-18
    0.940000E+01    0.187292E-14   -0.109035E-15   -0.140165E-17    0.208497E-18
    0.950000E+01    0.115858E-15   -0.107472E-15   -0.156466E-17   -0.187925E-18
    0.960000E+01   -0.558809E-14    0.315737E-15   -0.299652E-17    0.106623E-17
    0.970000E+01   -0.986787E-15   -0.495664E-15    0.462676E-17   -0.110743E-17
    0.980000E+01   -0.361794E-16    0.183447E-15   -0.142669E-16    0.329946E-18
    0.990000E+01    0.158891E-15   -0.361795E-15    0.190757E-18    0.244441E-18
    0.100000E+02    0.190220E-15   -0.444684E-15    0.462565E-18   -0.305108E-18
    0.101000E+02    0.316518E-15   -0.373384E-15   -0.262568E-19   -0.104821E-17
    0.102000E+02    0.277485E-16   -0.815522E-15    0.838852E-17   -0.220120E-18
    0.103000E+02   -0.592889E-15    0.290588E-16   -0.448995E-18    0.257187E-18
    0.104000E+02   -0.161184E-13    0.299315E-15   -0.157187E-17    0.397822E-18
    0.105000E+02    0.197920E-15   -0.222265E-15    0.398656E-17    0.560077E-18
    0.106000E+02    0.485283E-14   -0.103268E-15   -0.171779E-17   -0.353011E-20
    0.107000E+02   -0.271328E-16    0.905454E-15    0.499971E-18   -0.360871E-18
    0.108000E+02   -0.128230E-13   -0.157430E-15   -0.728769E-18   -0.458214E-18
    0.109000E+02    0.680838E-16    0.427969E-16    0.229941E-17    0.225732E-17
    0.110000E+02   -0.748364E-14   -0.319588E-15   -0.428749E-17    0.429806E-19
    0.111000E+02    0.947245E-14    0.183460E-15   -0.679761E-18   -0.138451E-18
    0.112000E+02   -0.108959E-15   -0.209064E-15    0.986650E-18   -0.105974E-18
    0.113000E+02   -0.123627E-14   -0.679575E-16   -0.576039E-19   -0.196013E-18
    0.114000E+02   -0.263161E-14   -0.462016E-15    0.171515E-18    0.238408E-18
    0.115000E+02    0.218125E-13   -0.834867E-15   -0.526107E-18   -0.115957E-18
    0.116000E+02   -0.535126E-15   -0.351588E-16   -0.257244E-18   -0.100558E-17
    0.117000E+02   -0.221123E-15    0.404846E-15   -0.190565E-19   -0.239886E-18
    0.118000E+02    0.282855E-15   -0.127334E-14    0.801379E-18   -0.957926E-19
    0.119000E+02   -0.403925E-14    0.271781E-15    0.281517E-18    0.425261E-18
    0.120000E+02   -0.316551E-14    0.280273E-14    0.113195E-17    0.140082E-18
    0.121000E+02    0.192997E-13   -0.268419E-15   -0.222505E-18    0.449686E-18
    0.122000E+02   -0.208624E-15   -0.470133E-15   -0.358761E-17   -0.881169E-18
    0.123000E+02   -0.469499E-14   -0.242049E-14    0.104742E-17    0.324753E-18
    0.124000E+02   -0.373529E-14    0.154043E-15    0.144682E-18    0.390256E-18
    0.125000E+02    0.150992E-14    0.369932E-15    0.166034E-19   -0.656203E-18
    0.126000E+02   -0.401617E-16   -0.452908E-16    0.151751E-18   -0.140286E-18
    0.127000E+02   -0.286997E-16   -0.561354E-15   -0.314756E-17    0.188082E-17
    0.128000E+02   -0.302880E-14   -0.214872E-16   -0.298184E-18    0.106499E-17
    0.129000E+02   -0.311963E-16   -0.376726E-15   -0.328249E-18    0.138442E-17
    0.130000E+02   -0.367225E-14    0.180633E-15   -0.232215E-21   -0.537375E-20
    0.131000E+02    0.194446E-15    0.229190E-15    0.431668E-18    0.328993E-17
    0.132000E+02   -0.222658E-16   -0.603093E-16    0.136018E-18    0.931685E-19
    0.133000E+02    0.183054E-17   -0.935345E-15    0.406374E-17    0.941991E-20
    0.134000E+02   -0.206964E-14   -0.121071E-14   -0.768769E-18   -0.247831E-19
    0.135000E+02    0.315670E-14   -0.632405E-15    0.957988E-18   -0.419892E-19
    0.136000E+02   -0.456841E-15   -0.283339E-15    0.232573E-17   -0.715047E-20
    0.137000E+02    0.168422E-15    0.600012E-15    0.120210E-17   -0.531551E-19
    0.138000E+02    0.335262E-17   -0.453974E-15    0.464896E-18   -0.218571E-18
    0.139000E+02   -0.238210E-14    0.910672E-16    0.944900E-18   -0.219438E-19
    0.140000E+02    0.104175E-14    0.144641E-15   -0.760195E-20    0.392684E-19
    0.141000E+02   -0.167813E-13   -0.932150E-15    0.260464E-18   -0.825440E-19
    0.142000E+02    0.194256E-16    0.565007E-15   -0.862520E-19   -0.117142E-19
    0.143000E+02   -0.903535E-16    0.132419E-16    0.318247E-18    0.168801E-19
    0.144000E+02    0.103656E-13   -0.399580E-16    0.835302E-19   -0.165493E-19
    0.145000E+02    0.832528E-16    0.121640E-15   -0.105496E-18    0.232189E-19
    0.146000E+02    0.211866E-15   -0.170044E-15    0.220338E-18   -0.609609E-19
    0.147000E+02    0.277903E-16    0.235115E-15   -0.146415E-17   -0.159562E-18
    0.148000E+02    0.591174E-16   -0.622309E-16    0.805740E-20   -0.119798E-18
    0.149000E+02    0.720722E-14   -0.368726E-15   -0.114064E-18   -0.373875E-19
    0.150000E+02   -0.250314E-15   -0.322020E-15    0.550038E-19   -0.163548E-20
    0.151000E+02    0.291381E-16   -0.929592E-16   -0.773509E-19   -0.316685E-19
    0.152000E+02    0.366832E-15   -0.656779E-16    0.838826E-20    0.209530E-18
    0.153000E+02    0.277373E-15   -0.107984E-15   -0.535067E-19    0.467945E-19
    0.154000E+02   -0.908550E-15    0.894908E-16   -0.406623E-19   -0.427266E-19
    0.155000E+02   -0.673729E-15   -0.917715E-15    0.128531E-19   -0.232020E-19
    0.156000E+02    0.940013E-15    0.342771E-16   -0.133519E-19   -0.283537E-19
    0.157000E+02   -0.178158E-15   -0.158877E-15   -0.107979E-18    0.507303E-20
    0.158000E+02    0.187593E-14    0.316933E-16   -0.931047E-19    0.129691E-19
    0.159000E+02   -0.259000E-15   -0.101309E-15   -0.398979E-19    0.523043E-20
    0.160000E+02   -0.740460E-15   -0.296692E-16   -0.800652E-20    0.958639E-20
    0.161000E+02   -0.181095E-14   -0.552753E-17   -0.171880E-19    0.804333E-20
    0.162000E+02   -0.878429E-15    0.771792E-16    0.407590E-19   -0.752869E-20
    0.163000E+02   -0.136938E-14   -0.819986E-16   -0.237867E-19   -0.265957E-19
    0.164000E+02   -0.125719E-13   -0.672020E-16   -0.170360E-20    0.456403E-20
    0.165000E+02   -0.936278E-15   -0.503555E-16    0.265732E-19    0.105891E-19
    0.166000E+02   -0.275724E-15    0.127834E-15    0.750306E-20    0.110784E-19
    0.167000E+02    0.527625E-15   -0.520046E-15   -0.204654E-19   -0.287052E-19
    0.168000E+02    0.170387E-15    0.142080E-16   -0.656411E-20    0.205400E-19
    0.169000E+02   -0.211559E-15   -0.230655E-14   -0.138895E-19    0.117059E-19
    0.170000E+02    0.223034E-14    0.356489E-16    0.242141E-20   -0.849785E-20
    0.171000E+02   -0.136508E-15    0.605236E-15    0.131151E-19    0.147235E-20
    0.172000E+02    0.831240E-14    0.555323E-15   -0.212333E-19    0.370392E-19
    0.173000E+02    0.321906E-14    0.386388E-16   -0.438680E-19    0.963731E-20
    0.174000E+02    0.292969E-15    0.574286E-15    0.403752E-21   -0.167930E-19
    0.175000E+02   -0.177050E-14   -0.598624E-16    0.296305E-21    0.560593E-20
    0.176000E+02   -0.222083E-14   -0.524021E-15   -0.102379E-20   -0.246479E-20
    0.177000E+02   -0.376269E-14    0.508974E-15   -0.224412E-20   -0.570809E-19
    0.178000E+02   -0.989278E-15   -0.105735E-16    0.516032E-21    0.634639E-20
    0.179000E+02   -0.174948E-14   -0.837826E-16    0.768876E-20    0.122320E-19
    0.180000E+02   -0.471380E-16    0.168347E-15   -0.497202E-19   -0.175577E-19
    0.181000E+02    0.109126E-14   -0.430419E-15   -0.358761E-19    0.104899E-19
    0.182000E+02   -0.368582E-14    0.160363E-16   -0.733892E-20    0.617451E-20
    0.183000E+02   -0.488887E-14   -0.133683E-15    0.476851E-19    0.253900E-19
    0.184000E+02    0.392295E-14   -0.460387E-17   -0.150623E-19   -0.710531E-21
    0.185000E+02   -0.289732E-14    0.734463E-17    0.552257E-20   -0.253562E-20
    0.186000E+02   -0.207700E-15   -0.973554E-18   -0.394650E-20   -0.132486E-20
    0.187000E+02    0.256188E-14    0.222354E-16    0.116410E-19    0.279132E-20
    0.188000E+02    0.363224E-15   -0.561274E-16    0.122904E-19   -0.106047E-20
    0.189000E+02   -0.127729E-14   -0.953674E-16    0.212471E-20    0.336477E-19
    0.190000E+02   -0.161777E-14    0.222090E-16   -0.618862E-20   -0.715081E-21
    0.191000E+02   -0.259735E-14   -0.206061E-16   -0.113479E-19    0.136198E-19
    0.192000E+02    0.304964E-14   -0.750688E-17   -0.276246E-19    0.110027E-19
    0.193000E+02    0.524564E-14    0.400291E-16   -0.561313E-20    0.115672E-20
    0.194000E+02   -0.126036E-16   -0.187948E-17    0.594744E-20   -0.589945E-20
    0.195000E+02    0.927871E-16   -0.561545E-16   -0.348221E-20   -0.110380E-19
    0.196000E+02    0.228094E-14   -0.507964E-16    0.352127E-20   -0.681319E-20
    0.197000E+02    0.156574E-13    0.493744E-16   -0.259407E-19    0.430937E-20
    0.198000E+02    0.130000E-13    0.141339E-15    0.136530E-19    0.909189E-20
    0.199000E+02   -0.648195E-16    0.202894E-16   -0.103095E-19    0.759567E-20
    0.200000E+02    0.141153E-14    0.555994E-16    0.343888E-20    0.180785E-19
