    0.000000E+00    0.374036E-01    0.961221E+00    0.966986E+00    0.343901E-01
    0.100000E+00    0.389066E-01    0.959875E+00    0.965817E+00    0.354016E-01
    0.200000E+00    0.405203E-01    0.958425E+00    0.964589E+00    0.364654E-01
    0.300000E+00    0.422548E-01    0.956861E+00    0.963299E+00    0.375851E-01
    0.400000E+00    0.441211E-01    0.955170E+00    0.961944E+00    0.387649E-01
    0.500000E+00    0.461313E-01    0.953342E+00    0.960518E+00    0.400088E-01
    0.600000E+00    0.482986E-01    0.951363E+00    0.959017E+00    0.413213E-01
    0.700000E+00    0.506373E-01    0.949218E+00    0.957438E+00    0.427070E-01
    0.800000E+00    0.531631E-01    0.946891E+00    0.955775E+00    0.441706E-01
    0.900000E+00    0.558931E-01    0.944367E+00    0.954023E+00    0.457171E-01
    0.100000E+01    0.588459E-01    0.941625E+00    0.952177E+00    0.473514E-01
    0.110000E+01    0.620419E-01    0.938647E+00    0.950233E+00    0.490788E-01
    0.120000E+01    0.655033E-01    0.935409E+00    0.948183E+00    0.509045E-01
    0.130000E+01    0.692544E-01    0.931888E+00    0.946024E+00    0.528337E-01
    0.140000E+01    0.733217E-01    0.928057E+00    0.943749E+00    0.548715E-01
    0.150000E+01    0.777337E-01    0.923889E+00    0.941354E+00    0.570230E-01
    0.160000E+01    0.825219E-01    0.919352E+00    0.938833E+00    0.592929E-01
    0.170000E+01    0.877198E-01    0.914414E+00    0.936181E+00    0.616856E-01
    0.180000E+01    0.933640E-01    0.909037E+00    0.933394E+00    0.642051E-01
    0.190000E+01    0.994935E-01    0.903184E+00    0.930469E+00    0.668544E-01
    0.200000E+01    0.106150E+00    0.896813E+00    0.927402E+00    0.696356E-01
    0.210000E+01    0.113378E+00    0.889880E+00    0.924192E+00    0.725499E-01
    0.220000E+01    0.121224E+00    0.882341E+00    0.920839E+00    0.755967E-01
    0.230000E+01    0.129735E+00    0.874147E+00    0.917345E+00    0.787737E-01
    0.240000E+01    0.138961E+00    0.865249E+00    0.913714E+00    0.820763E-01
    0.250000E+01    0.148951E+00    0.855599E+00    0.909952E+00    0.854976E-01
    0.260000E+01    0.159752E+00    0.845150E+00    0.906071E+00    0.890275E-01
    0.270000E+01    0.171410E+00    0.833856E+00    0.902082E+00    0.926528E-01
    0.280000E+01    0.183964E+00    0.821677E+00    0.898003E+00    0.963567E-01
    0.290000E+01    0.197448E+00    0.808579E+00    0.893854E+00    0.100119E+00
    0.300000E+01    0.211885E+00    0.794538E+00    0.889663E+00    0.103915E+00
    0.310000E+01    0.227287E+00    0.779541E+00    0.885457E+00    0.107716E+00
    0.320000E+01    0.243649E+00    0.763590E+00    0.881269E+00    0.111492E+00
    0.330000E+01    0.260951E+00    0.746704E+00    0.877136E+00    0.115209E+00
    0.340000E+01    0.279153E+00    0.728920E+00    0.873096E+00    0.118831E+00
    0.350000E+01    0.298194E+00    0.710296E+00    0.869188E+00    0.122322E+00
    0.360000E+01    0.317995E+00    0.690908E+00    0.865452E+00    0.125645E+00
    0.370000E+01    0.338455E+00    0.670853E+00    0.861924E+00    0.128768E+00
    0.380000E+01    0.359458E+00    0.650244E+00    0.858639E+00    0.131660E+00
    0.390000E+01    0.380874E+00    0.629206E+00    0.855625E+00    0.134295E+00
    0.400000E+01    0.402563E+00    0.607877E+00    0.852907E+00    0.136653E+00
    0.410000E+01    0.424383E+00    0.586395E+00    0.850501E+00    0.138721E+00
    0.420000E+01    0.446190E+00    0.564903E+00    0.848417E+00    0.140490E+00
    0.430000E+01    0.467847E+00    0.543534E+00    0.846660E+00    0.141959E+00
    0.440000E+01    0.489224E+00    0.522417E+00    0.845225E+00    0.143134E+00
    0.450000E+01    0.510206E+00    0.501665E+00    0.844105E+00    0.144025E+00
    0.460000E+01    0.530692E+00    0.481379E+00    0.843285E+00    0.144644E+00
    0.470000E+01    0.550596E+00    0.461645E+00    0.842748E+00    0.145011E+00
    0.480000E+01    0.569849E+00    0.442532E+00    0.842474E+00    0.145145E+00
    0.490000E+01    0.588400E+00    0.424093E+00    0.842440E+00    0.145068E+00
    0.500000E+01    0.606209E+00    0.406367E+00    0.842623E+00    0.144801E+00
    0.510000E+01    0.623254E+00    0.389379E+00    0.843000E+00    0.144366E+00
    0.520000E+01    0.639523E+00    0.373142E+00    0.843548E+00    0.143786E+00
    0.530000E+01    0.655014E+00    0.357660E+00    0.844245E+00    0.143080E+00
    0.540000E+01    0.669736E+00    0.342926E+00    0.845070E+00    0.142268E+00
    0.550000E+01    0.683701E+00    0.328928E+00    0.846004E+00    0.141366E+00
    0.560000E+01    0.696932E+00    0.315647E+00    0.847028E+00    0.140392E+00
    0.570000E+01    0.709452E+00    0.303061E+00    0.848127E+00    0.139359E+00
    0.580000E+01    0.721289E+00    0.291144E+00    0.849287E+00    0.138281E+00
    0.590000E+01    0.732472E+00    0.279867E+00    0.850493E+00    0.137168E+00
    0.600000E+01    0.743033E+00    0.269201E+00    0.851735E+00    0.136030E+00
    0.610000E+01    0.753003E+00    0.259117E+00    0.853004E+00    0.134877E+00
    0.620000E+01    0.762412E+00    0.249584E+00    0.854289E+00    0.133714E+00
    0.630000E+01    0.771293E+00    0.240572E+00    0.855585E+00    0.132550E+00
    0.640000E+01    0.779676E+00    0.232053E+00    0.856883E+00    0.131388E+00
    0.650000E+01    0.787589E+00    0.223998E+00    0.858180E+00    0.130234E+00
    0.660000E+01    0.795061E+00    0.216379E+00    0.859470E+00    0.129090E+00
    0.670000E+01    0.802119E+00    0.209171E+00    0.860749E+00    0.127961E+00
    0.680000E+01    0.808789E+00    0.202349E+00    0.862014E+00    0.126848E+00
    0.690000E+01    0.815094E+00    0.195889E+00    0.863263E+00    0.125754E+00
    0.700000E+01    0.821057E+00    0.189770E+00    0.864493E+00    0.124680E+00
    0.710000E+01    0.826701E+00    0.183969E+00    0.865703E+00    0.123627E+00
    0.720000E+01    0.832044E+00    0.178468E+00    0.866890E+00    0.122597E+00
    0.730000E+01    0.837107E+00    0.173248E+00    0.868056E+00    0.121589E+00
    0.740000E+01    0.841906E+00    0.168292E+00    0.869197E+00    0.120605E+00
    0.750000E+01    0.846458E+00    0.163583E+00    0.870315E+00    0.119644E+00
    0.760000E+01    0.850779E+00    0.159107E+00    0.871408E+00    0.118706E+00
    0.770000E+01    0.854883E+00    0.154849E+00    0.872476E+00    0.117792E+00
    0.780000E+01    0.858783E+00    0.150795E+00    0.873520E+00    0.116901E+00
    0.790000E+01    0.862492E+00    0.146935E+00    0.874540E+00    0.116033E+00
    0.800000E+01    0.866022E+00    0.143255E+00    0.875535E+00    0.115188E+00
    0.810000E+01    0.869383E+00    0.139746E+00    0.876505E+00    0.114365E+00
    0.820000E+01    0.872586E+00    0.136398E+00    0.877453E+00    0.113564E+00
    0.830000E+01    0.875640E+00    0.133200E+00    0.878376E+00    0.112784E+00
    0.840000E+01    0.878553E+00    0.130145E+00    0.879277E+00    0.112025E+00
    0.850000E+01    0.881335E+00    0.127223E+00    0.880155E+00    0.111286E+00
    0.860000E+01    0.883992E+00    0.124429E+00    0.881011E+00    0.110568E+00
    0.870000E+01    0.886532E+00    0.121754E+00    0.881846E+00    0.109868E+00
    0.880000E+01    0.888961E+00    0.119192E+00    0.882659E+00    0.109187E+00
    0.890000E+01    0.891287E+00    0.116736E+00    0.883452E+00    0.108525E+00
    0.900000E+01    0.893514E+00    0.114381E+00    0.884226E+00    0.107880E+00
    0.910000E+01    0.895647E+00    0.112122E+00    0.884979E+00    0.107252E+00
    0.920000E+01    0.897693E+00    0.109953E+00    0.885714E+00    0.106641E+00
    0.930000E+01    0.899655E+00    0.107870E+00    0.886430E+00    0.106045E+00
    0.940000E+01    0.901537E+00    0.105868E+00    0.887129E+00    0.105466E+00
    0.950000E+01    0.903347E+00    0.103942E+00    0.887810E+00    0.104901E+00
    0.960000E+01    0.905085E+00    0.102090E+00    0.888474E+00    0.104352E+00
    0.970000E+01    0.906755E+00    0.100307E+00    0.889122E+00    0.103816E+00
    0.980000E+01    0.908361E+00    0.985903E-01    0.889754E+00    0.103295E+00
    0.990000E+01    0.909909E+00    0.969356E-01    0.890370E+00    0.102786E+00
    0.100000E+02    0.911397E+00    0.953409E-01    0.890972E+00    0.102290E+00
    0.101000E+02    0.912832E+00    0.938027E-01    0.891558E+00    0.101806E+00
    0.102000E+02    0.914214E+00    0.923188E-01    0.892131E+00    0.101335E+00
    0.103000E+02    0.915548E+00    0.908862E-01    0.892691E+00    0.100876E+00
    0.104000E+02    0.916833E+00    0.895031E-01    0.893237E+00    0.100428E+00
    0.105000E+02    0.918073E+00    0.881666E-01    0.893770E+00    0.999906E-01
    0.106000E+02    0.919272E+00    0.868746E-01    0.894290E+00    0.995634E-01
    0.107000E+02    0.920428E+00    0.856258E-01    0.894799E+00    0.991469E-01
    0.108000E+02    0.921547E+00    0.844170E-01    0.895296E+00    0.987400E-01
    0.109000E+02    0.922628E+00    0.832476E-01    0.895781E+00    0.983432E-01
    0.110000E+02    0.923672E+00    0.821161E-01    0.896256E+00    0.979560E-01
    0.111000E+02    0.924686E+00    0.810187E-01    0.896719E+00    0.975769E-01
    0.112000E+02    0.925664E+00    0.799568E-01    0.897172E+00    0.972068E-01
    0.113000E+02    0.926614E+00    0.789266E-01    0.897615E+00    0.968449E-01
    0.114000E+02    0.927531E+00    0.779286E-01    0.898048E+00    0.964924E-01
    0.115000E+02    0.928422E+00    0.769600E-01    0.898472E+00    0.961463E-01
    0.116000E+02    0.929284E+00    0.760209E-01    0.898887E+00    0.958080E-01
    0.117000E+02    0.930121E+00    0.751086E-01    0.899292E+00    0.954787E-01
    0.118000E+02    0.930931E+00    0.742237E-01    0.899689E+00    0.951562E-01
    0.119000E+02    0.931720E+00    0.733636E-01    0.900077E+00    0.948392E-01
    0.120000E+02    0.932482E+00    0.725281E-01    0.900457E+00    0.945322E-01
    0.121000E+02    0.933227E+00    0.717159E-01    0.900829E+00    0.942278E-01
    0.122000E+02    0.933946E+00    0.709269E-01    0.901194E+00    0.939329E-01
    0.123000E+02    0.934648E+00    0.701593E-01    0.901551E+00    0.936423E-01
    0.124000E+02    0.935329E+00    0.694124E-01    0.901900E+00    0.933585E-01
    0.125000E+02    0.935990E+00    0.686865E-01    0.902243E+00    0.930806E-01
    0.126000E+02    0.936636E+00    0.679786E-01    0.902577E+00    0.928083E-01
    0.127000E+02    0.937259E+00    0.672913E-01    0.902907E+00    0.925421E-01
    0.128000E+02    0.937871E+00    0.666199E-01    0.903228E+00    0.922805E-01
    0.129000E+02    0.938464E+00    0.659671E-01    0.903544E+00    0.920246E-01
    0.130000E+02    0.939043E+00    0.653301E-01    0.903853E+00    0.917736E-01
    0.131000E+02    0.939603E+00    0.647112E-01    0.904158E+00    0.915283E-01
    0.132000E+02    0.940153E+00    0.641055E-01    0.904454E+00    0.912866E-01
    0.133000E+02    0.940687E+00    0.635164E-01    0.904747E+00    0.910503E-01
    0.134000E+02    0.941206E+00    0.629418E-01    0.905033E+00    0.908187E-01
    0.135000E+02    0.941714E+00    0.623806E-01    0.905314E+00    0.905911E-01
    0.136000E+02    0.942211E+00    0.618322E-01    0.905589E+00    0.903676E-01
    0.137000E+02    0.942694E+00    0.612982E-01    0.905859E+00    0.901488E-01
    0.138000E+02    0.943166E+00    0.607761E-01    0.906125E+00    0.899338E-01
    0.139000E+02    0.943625E+00    0.602667E-01    0.906385E+00    0.897229E-01
    0.140000E+02    0.944076E+00    0.597683E-01    0.906640E+00    0.895155E-01
    0.141000E+02    0.944512E+00    0.592830E-01    0.906892E+00    0.893126E-01
    0.142000E+02    0.944942E+00    0.588074E-01    0.907138E+00    0.891128E-01
    0.143000E+02    0.945361E+00    0.583428E-01    0.907380E+00    0.889166E-01
    0.144000E+02    0.945769E+00    0.578892E-01    0.907618E+00    0.887242E-01
    0.145000E+02    0.946168E+00    0.574454E-01    0.907852E+00    0.885351E-01
    0.146000E+02    0.946558E+00    0.570113E-01    0.908081E+00    0.883492E-01
    0.147000E+02    0.946939E+00    0.565871E-01    0.908307E+00    0.881667E-01
    0.148000E+02    0.947312E+00    0.561712E-01    0.908530E+00    0.879871E-01
    0.149000E+02    0.947678E+00    0.557648E-01    0.908746E+00    0.878107E-01
    0.150000E+02    0.948035E+00    0.553674E-01    0.908960E+00    0.876375E-01
    0.151000E+02    0.948385E+00    0.549776E-01    0.909170E+00    0.874669E-01
    0.152000E+02    0.948726E+00    0.545968E-01    0.909378E+00    0.872994E-01
    0.153000E+02    0.949061E+00    0.542233E-01    0.909581E+00    0.871345E-01
    0.154000E+02    0.949389E+00    0.538575E-01    0.909781E+00    0.869724E-01
    0.155000E+02    0.949709E+00    0.534995E-01    0.909978E+00    0.868130E-01
    0.156000E+02    0.950025E+00    0.531479E-01    0.910171E+00    0.866559E-01
    0.157000E+02    0.950330E+00    0.528051E-01    0.910363E+00    0.865021E-01
    0.158000E+02    0.950633E+00    0.524674E-01    0.910550E+00    0.863499E-01
    0.159000E+02    0.950928E+00    0.521373E-01    0.910734E+00    0.862006E-01
    0.160000E+02    0.951217E+00    0.518137E-01    0.910916E+00    0.860537E-01
    0.161000E+02    0.951503E+00    0.514951E-01    0.911094E+00    0.859086E-01
    0.162000E+02    0.951780E+00    0.511838E-01    0.911270E+00    0.857662E-01
    0.163000E+02    0.952052E+00    0.508789E-01    0.911443E+00    0.856261E-01
    0.164000E+02    0.952319E+00    0.505790E-01    0.911614E+00    0.854879E-01
    0.165000E+02    0.952583E+00    0.502845E-01    0.911781E+00    0.853517E-01
    0.166000E+02    0.952840E+00    0.499960E-01    0.911946E+00    0.852178E-01
    0.167000E+02    0.953092E+00    0.497128E-01    0.912109E+00    0.850859E-01
    0.168000E+02    0.953341E+00    0.494343E-01    0.912269E+00    0.849557E-01
    0.169000E+02    0.953582E+00    0.491622E-01    0.912428E+00    0.848280E-01
    0.170000E+02    0.953822E+00    0.488937E-01    0.912583E+00    0.847017E-01
    0.171000E+02    0.954056E+00    0.486306E-01    0.912736E+00    0.845774E-01
    0.172000E+02    0.954286E+00    0.483724E-01    0.912887E+00    0.844550E-01
    0.173000E+02    0.954511E+00    0.481187E-01    0.913036E+00    0.843344E-01
    0.174000E+02    0.954734E+00    0.478689E-01    0.913182E+00    0.842153E-01
    0.175000E+02    0.954953E+00    0.476235E-01    0.913326E+00    0.840978E-01
    0.176000E+02    0.955165E+00    0.473832E-01    0.913469E+00    0.839824E-01
    0.177000E+02    0.955376E+00    0.471465E-01    0.913609E+00    0.838684E-01
    0.178000E+02    0.955585E+00    0.469131E-01    0.913747E+00    0.837557E-01
    0.179000E+02    0.955787E+00    0.466845E-01    0.913883E+00    0.836449E-01
    0.180000E+02    0.955986E+00    0.464601E-01    0.914018E+00    0.835358E-01
    0.181000E+02    0.956183E+00    0.462388E-01    0.914150E+00    0.834279E-01
    0.182000E+02    0.956376E+00    0.460212E-01    0.914281E+00    0.833215E-01
    0.183000E+02    0.956565E+00    0.458079E-01    0.914410E+00    0.832168E-01
    0.184000E+02    0.956753E+00    0.455971E-01    0.914537E+00    0.831131E-01
    0.185000E+02    0.956937E+00    0.453902E-01    0.914662E+00    0.830110E-01
    0.186000E+02    0.957117E+00    0.451868E-01    0.914786E+00    0.829103E-01
    0.187000E+02    0.957295E+00    0.449863E-01    0.914908E+00    0.828108E-01
    0.188000E+02    0.957469E+00    0.447894E-01    0.915029E+00    0.827128E-01
    0.189000E+02    0.957641E+00    0.445954E-01    0.915147E+00    0.826159E-01
    0.190000E+02    0.957811E+00    0.444044E-01    0.915264E+00    0.825203E-01
    0.191000E+02    0.957977E+00    0.442165E-01    0.915380E+00    0.824260E-01
    0.192000E+02    0.958141E+00    0.440315E-01    0.915494E+00    0.823329E-01
    0.193000E+02    0.958302E+00    0.438495E-01    0.915607E+00    0.822410E-01
    0.194000E+02    0.958462E+00    0.436697E-01    0.915719E+00    0.821500E-01
    0.195000E+02    0.958618E+00    0.434934E-01    0.915828E+00    0.820605E-01
    0.196000E+02    0.958772E+00    0.433195E-01    0.915937E+00    0.819720E-01
    0.197000E+02    0.958924E+00    0.431480E-01    0.916044E+00    0.818846E-01
    0.198000E+02    0.959073E+00    0.429795E-01    0.916149E+00    0.817983E-01
    0.199000E+02    0.959220E+00    0.428132E-01    0.916254E+00    0.817131E-01
    0.200000E+02    0.959365E+00    0.426493E-01    0.916357E+00    0.816288E-01
