    0.000000E+00   -0.964832E-02   -0.130700E+00    0.991101E-01    0.506377E-02
    0.100000E+00   -0.105481E-01   -0.138605E+00    0.103768E+00    0.551274E-02
    0.200000E+00   -0.115430E-01   -0.146893E+00    0.108532E+00    0.599863E-02
    0.300000E+00   -0.126433E-01   -0.155565E+00    0.113393E+00    0.652397E-02
    0.400000E+00   -0.138605E-01   -0.164626E+00    0.118338E+00    0.709142E-02
    0.500000E+00   -0.152072E-01   -0.174076E+00    0.123355E+00    0.770377E-02
    0.600000E+00   -0.166976E-01   -0.183914E+00    0.128433E+00    0.836390E-02
    0.700000E+00   -0.183472E-01   -0.194136E+00    0.133556E+00    0.907486E-02
    0.800000E+00   -0.201733E-01   -0.204739E+00    0.138712E+00    0.983980E-02
    0.900000E+00   -0.221950E-01   -0.215714E+00    0.143883E+00    0.106620E-01
    0.100000E+01   -0.244336E-01   -0.227052E+00    0.149056E+00    0.115448E-01
    0.110000E+01   -0.269126E-01   -0.238740E+00    0.154212E+00    0.124918E-01
    0.120000E+01   -0.296580E-01   -0.250762E+00    0.159336E+00    0.135064E-01
    0.130000E+01   -0.326986E-01   -0.263102E+00    0.164409E+00    0.145922E-01
    0.140000E+01   -0.360660E-01   -0.275735E+00    0.169413E+00    0.157529E-01
    0.150000E+01   -0.397953E-01   -0.288637E+00    0.174329E+00    0.169918E-01
    0.160000E+01   -0.439248E-01   -0.301776E+00    0.179135E+00    0.183123E-01
    0.170000E+01   -0.484965E-01   -0.315118E+00    0.183811E+00    0.197174E-01
    0.180000E+01   -0.535562E-01   -0.328619E+00    0.188334E+00    0.212097E-01
    0.190000E+01   -0.591534E-01   -0.342234E+00    0.192677E+00    0.227912E-01
    0.200000E+01   -0.653415E-01   -0.355905E+00    0.196815E+00    0.244630E-01
    0.210000E+01   -0.721775E-01   -0.369569E+00    0.200718E+00    0.262253E-01
    0.220000E+01   -0.797214E-01   -0.383152E+00    0.204355E+00    0.280765E-01
    0.230000E+01   -0.880358E-01   -0.396571E+00    0.207689E+00    0.300137E-01
    0.240000E+01   -0.971850E-01   -0.409732E+00    0.210684E+00    0.320314E-01
    0.250000E+01   -0.107233E+00   -0.422527E+00    0.213298E+00    0.341218E-01
    0.260000E+01   -0.118243E+00   -0.434838E+00    0.215487E+00    0.362740E-01
    0.270000E+01   -0.130273E+00   -0.446536E+00    0.217206E+00    0.384736E-01
    0.280000E+01   -0.143376E+00   -0.457480E+00    0.218408E+00    0.407025E-01
    0.290000E+01   -0.157594E+00   -0.467522E+00    0.219043E+00    0.429386E-01
    0.300000E+01   -0.172955E+00   -0.476508E+00    0.219068E+00    0.451558E-01
    0.310000E+01   -0.189473E+00   -0.484286E+00    0.218439E+00    0.473242E-01
    0.320000E+01   -0.207140E+00   -0.490706E+00    0.217120E+00    0.494109E-01
    0.330000E+01   -0.225924E+00   -0.495632E+00    0.215086E+00    0.513805E-01
    0.340000E+01   -0.245769E+00   -0.498948E+00    0.212319E+00    0.531965E-01
    0.350000E+01   -0.266594E+00   -0.500563E+00    0.208821E+00    0.548228E-01
    0.360000E+01   -0.288290E+00   -0.500418E+00    0.204605E+00    0.562256E-01
    0.370000E+01   -0.310728E+00   -0.498495E+00    0.199704E+00    0.573749E-01
    0.380000E+01   -0.333757E+00   -0.494817E+00    0.194167E+00    0.582463E-01
    0.390000E+01   -0.357213E+00   -0.489445E+00    0.188057E+00    0.588226E-01
    0.400000E+01   -0.380924E+00   -0.482483E+00    0.181451E+00    0.590943E-01
    0.410000E+01   -0.404717E+00   -0.474068E+00    0.174438E+00    0.590605E-01
    0.420000E+01   -0.428421E+00   -0.464365E+00    0.167110E+00    0.587282E-01
    0.430000E+01   -0.451879E+00   -0.453555E+00    0.159562E+00    0.581121E-01
    0.440000E+01   -0.474944E+00   -0.441834E+00    0.151888E+00    0.572333E-01
    0.450000E+01   -0.497492E+00   -0.429396E+00    0.144174E+00    0.561178E-01
    0.460000E+01   -0.519414E+00   -0.416431E+00    0.136502E+00    0.547951E-01
    0.470000E+01   -0.540625E+00   -0.403119E+00    0.128942E+00    0.532965E-01
    0.480000E+01   -0.561058E+00   -0.389622E+00    0.121554E+00    0.516541E-01
    0.490000E+01   -0.580664E+00   -0.376086E+00    0.114387E+00    0.498991E-01
    0.500000E+01   -0.599414E+00   -0.362634E+00    0.107480E+00    0.480614E-01
    0.510000E+01   -0.617293E+00   -0.349370E+00    0.100860E+00    0.461683E-01
    0.520000E+01   -0.634296E+00   -0.336382E+00    0.945478E-01    0.442445E-01
    0.530000E+01   -0.650434E+00   -0.323735E+00    0.885548E-01    0.423117E-01
    0.540000E+01   -0.665721E+00   -0.311481E+00    0.828861E-01    0.403887E-01
    0.550000E+01   -0.680182E+00   -0.299656E+00    0.775412E-01    0.384911E-01
    0.560000E+01   -0.693845E+00   -0.288287E+00    0.725155E-01    0.366317E-01
    0.570000E+01   -0.706742E+00   -0.277386E+00    0.678006E-01    0.348209E-01
    0.580000E+01   -0.718908E+00   -0.266961E+00    0.633860E-01    0.330665E-01
    0.590000E+01   -0.730377E+00   -0.257011E+00    0.592591E-01    0.313746E-01
    0.600000E+01   -0.741187E+00   -0.247529E+00    0.554061E-01    0.297491E-01
    0.610000E+01   -0.751374E+00   -0.238506E+00    0.518127E-01    0.281927E-01
    0.620000E+01   -0.760973E+00   -0.229928E+00    0.484640E-01    0.267067E-01
    0.630000E+01   -0.770019E+00   -0.221780E+00    0.453453E-01    0.252915E-01
    0.640000E+01   -0.778546E+00   -0.214045E+00    0.424422E-01    0.239465E-01
    0.650000E+01   -0.786586E+00   -0.206705E+00    0.397404E-01    0.226706E-01
    0.660000E+01   -0.794168E+00   -0.199742E+00    0.372264E-01    0.214620E-01
    0.670000E+01   -0.801323E+00   -0.193136E+00    0.348872E-01    0.203186E-01
    0.680000E+01   -0.808078E+00   -0.186871E+00    0.327105E-01    0.192380E-01
    0.690000E+01   -0.814458E+00   -0.180926E+00    0.306848E-01    0.182178E-01
    0.700000E+01   -0.820487E+00   -0.175286E+00    0.287992E-01    0.172552E-01
    0.710000E+01   -0.826189E+00   -0.169933E+00    0.270433E-01    0.163475E-01
    0.720000E+01   -0.831583E+00   -0.164850E+00    0.254078E-01    0.154918E-01
    0.730000E+01   -0.836691E+00   -0.160023E+00    0.238838E-01    0.146856E-01
    0.740000E+01   -0.841531E+00   -0.155437E+00    0.224631E-01    0.139260E-01
    0.750000E+01   -0.846119E+00   -0.151077E+00    0.211381E-01    0.132105E-01
    0.760000E+01   -0.850471E+00   -0.146932E+00    0.199016E-01    0.125366E-01
    0.770000E+01   -0.854603E+00   -0.142987E+00    0.187472E-01    0.119018E-01
    0.780000E+01   -0.858529E+00   -0.139231E+00    0.176689E-01    0.113038E-01
    0.790000E+01   -0.862261E+00   -0.135654E+00    0.166611E-01    0.107404E-01
    0.800000E+01   -0.865810E+00   -0.132245E+00    0.157186E-01    0.102095E-01
    0.810000E+01   -0.869190E+00   -0.128995E+00    0.148367E-01    0.970907E-02
    0.820000E+01   -0.872409E+00   -0.125893E+00    0.140110E-01    0.923730E-02
    0.830000E+01   -0.875477E+00   -0.122933E+00    0.132375E-01    0.879241E-02
    0.840000E+01   -0.878404E+00   -0.120105E+00    0.125125E-01    0.837272E-02
    0.850000E+01   -0.881197E+00   -0.117402E+00    0.118325E-01    0.797667E-02
    0.860000E+01   -0.883865E+00   -0.114818E+00    0.111944E-01    0.760280E-02
    0.870000E+01   -0.886415E+00   -0.112346E+00    0.105952E-01    0.724972E-02
    0.880000E+01   -0.888854E+00   -0.109979E+00    0.100322E-01    0.691616E-02
    0.890000E+01   -0.891186E+00   -0.107711E+00    0.950301E-02    0.660091E-02
    0.900000E+01   -0.893420E+00   -0.105538E+00    0.900520E-02    0.630283E-02
    0.910000E+01   -0.895560E+00   -0.103455E+00    0.853669E-02    0.602088E-02
    0.920000E+01   -0.897611E+00   -0.101456E+00    0.809550E-02    0.575406E-02
    0.930000E+01   -0.899579E+00   -0.995367E-01    0.767981E-02    0.550145E-02
    0.940000E+01   -0.901468E+00   -0.976937E-01    0.728793E-02    0.526219E-02
    0.950000E+01   -0.903280E+00   -0.959228E-01    0.691830E-02    0.503548E-02
    0.960000E+01   -0.905022E+00   -0.942201E-01    0.656947E-02    0.482055E-02
    0.970000E+01   -0.906696E+00   -0.925824E-01    0.624011E-02    0.461671E-02
    0.980000E+01   -0.908308E+00   -0.910063E-01    0.592895E-02    0.442330E-02
    0.990000E+01   -0.909856E+00   -0.894888E-01    0.563485E-02    0.423971E-02
    0.100000E+02   -0.911348E+00   -0.880269E-01    0.535674E-02    0.406534E-02
    0.101000E+02   -0.912784E+00   -0.866181E-01    0.509361E-02    0.389969E-02
    0.102000E+02   -0.914169E+00   -0.852598E-01    0.484454E-02    0.374222E-02
    0.103000E+02   -0.915504E+00   -0.839495E-01    0.460866E-02    0.359248E-02
    0.104000E+02   -0.916793E+00   -0.826850E-01    0.438519E-02    0.345002E-02
    0.105000E+02   -0.918036E+00   -0.814641E-01    0.417336E-02    0.331442E-02
    0.106000E+02   -0.919235E+00   -0.802849E-01    0.397248E-02    0.318533E-02
    0.107000E+02   -0.920395E+00   -0.791455E-01    0.378190E-02    0.306236E-02
    0.108000E+02   -0.921514E+00   -0.780440E-01    0.360102E-02    0.294515E-02
    0.109000E+02   -0.922596E+00   -0.769788E-01    0.342926E-02    0.283341E-02
    0.110000E+02   -0.923646E+00   -0.759482E-01    0.326611E-02    0.272685E-02
    0.111000E+02   -0.924656E+00   -0.749508E-01    0.311107E-02    0.262514E-02
    0.112000E+02   -0.925637E+00   -0.739851E-01    0.296368E-02    0.252810E-02
    0.113000E+02   -0.926585E+00   -0.730497E-01    0.282351E-02    0.243540E-02
    0.114000E+02   -0.927506E+00   -0.721434E-01    0.269014E-02    0.234684E-02
    0.115000E+02   -0.928396E+00   -0.712649E-01    0.256322E-02    0.226223E-02
    0.116000E+02   -0.929260E+00   -0.704131E-01    0.244237E-02    0.218135E-02
    0.117000E+02   -0.930097E+00   -0.695869E-01    0.232727E-02    0.210395E-02
    0.118000E+02   -0.930911E+00   -0.687852E-01    0.221761E-02    0.202992E-02
    0.119000E+02   -0.931698E+00   -0.680071E-01    0.211310E-02    0.195908E-02
    0.120000E+02   -0.932465E+00   -0.672516E-01    0.201345E-02    0.189119E-02
    0.121000E+02   -0.933206E+00   -0.665178E-01    0.191842E-02    0.182624E-02
    0.122000E+02   -0.933930E+00   -0.658048E-01    0.182776E-02    0.176397E-02
    0.123000E+02   -0.934630E+00   -0.651120E-01    0.174124E-02    0.170430E-02
    0.124000E+02   -0.935311E+00   -0.644384E-01    0.165865E-02    0.164708E-02
    0.125000E+02   -0.935976E+00   -0.637833E-01    0.157978E-02    0.159221E-02
    0.126000E+02   -0.936618E+00   -0.631461E-01    0.150446E-02    0.153954E-02
    0.127000E+02   -0.937249E+00   -0.625261E-01    0.143249E-02    0.148902E-02
    0.128000E+02   -0.937856E+00   -0.619226E-01    0.136371E-02    0.144048E-02
    0.129000E+02   -0.938451E+00   -0.613351E-01    0.129795E-02    0.139388E-02
    0.130000E+02   -0.939027E+00   -0.607629E-01    0.123508E-02    0.134911E-02
    0.131000E+02   -0.939595E+00   -0.602056E-01    0.117495E-02    0.130609E-02
    0.132000E+02   -0.940140E+00   -0.596625E-01    0.111743E-02    0.126473E-02
    0.133000E+02   -0.940677E+00   -0.591332E-01    0.106238E-02    0.122496E-02
    0.134000E+02   -0.941199E+00   -0.586172E-01    0.100969E-02    0.118670E-02
    0.135000E+02   -0.941707E+00   -0.581141E-01    0.959250E-03    0.114990E-02
    0.136000E+02   -0.942200E+00   -0.576233E-01    0.910948E-03    0.111446E-02
    0.137000E+02   -0.942684E+00   -0.571446E-01    0.864685E-03    0.108036E-02
    0.138000E+02   -0.943155E+00   -0.566774E-01    0.820367E-03    0.104751E-02
    0.139000E+02   -0.943615E+00   -0.562213E-01    0.777901E-03    0.101588E-02
    0.140000E+02   -0.944062E+00   -0.557761E-01    0.737202E-03    0.985393E-03
    0.141000E+02   -0.944504E+00   -0.553414E-01    0.698190E-03    0.956021E-03
    0.142000E+02   -0.944930E+00   -0.549168E-01    0.660787E-03    0.927694E-03
    0.143000E+02   -0.945347E+00   -0.545019E-01    0.624920E-03    0.900381E-03
    0.144000E+02   -0.945757E+00   -0.540966E-01    0.590520E-03    0.874042E-03
    0.145000E+02   -0.946157E+00   -0.537004E-01    0.557521E-03    0.848627E-03
    0.146000E+02   -0.946547E+00   -0.533131E-01    0.525861E-03    0.824100E-03
    0.147000E+02   -0.946930E+00   -0.529344E-01    0.495481E-03    0.800429E-03
    0.148000E+02   -0.947303E+00   -0.525643E-01    0.466317E-03    0.777551E-03
    0.149000E+02   -0.947667E+00   -0.522018E-01    0.438337E-03    0.755493E-03
    0.150000E+02   -0.948025E+00   -0.518474E-01    0.411468E-03    0.734172E-03
    0.151000E+02   -0.948373E+00   -0.515006E-01    0.385671E-03    0.713567E-03
    0.152000E+02   -0.948717E+00   -0.511612E-01    0.360897E-03    0.693659E-03
    0.153000E+02   -0.949051E+00   -0.508290E-01    0.337105E-03    0.674411E-03
    0.154000E+02   -0.949379E+00   -0.505037E-01    0.314251E-03    0.655803E-03
    0.155000E+02   -0.949700E+00   -0.501851E-01    0.292297E-03    0.637808E-03
    0.156000E+02   -0.950012E+00   -0.498731E-01    0.271204E-03    0.620398E-03
    0.157000E+02   -0.950324E+00   -0.495674E-01    0.250938E-03    0.603562E-03
    0.158000E+02   -0.950623E+00   -0.492679E-01    0.231462E-03    0.587261E-03
    0.159000E+02   -0.950919E+00   -0.489745E-01    0.212744E-03    0.571490E-03
    0.160000E+02   -0.951210E+00   -0.486868E-01    0.194754E-03    0.556220E-03
    0.161000E+02   -0.951491E+00   -0.484049E-01    0.177462E-03    0.541429E-03
    0.162000E+02   -0.951771E+00   -0.481285E-01    0.160838E-03    0.527111E-03
    0.163000E+02   -0.952046E+00   -0.478574E-01    0.144856E-03    0.513240E-03
    0.164000E+02   -0.952313E+00   -0.475915E-01    0.129491E-03    0.499799E-03
    0.165000E+02   -0.952574E+00   -0.473308E-01    0.114717E-03    0.486773E-03
    0.166000E+02   -0.952832E+00   -0.470749E-01    0.100510E-03    0.474150E-03
    0.167000E+02   -0.953085E+00   -0.468239E-01    0.868494E-04    0.461912E-03
    0.168000E+02   -0.953331E+00   -0.465775E-01    0.737117E-04    0.450045E-03
    0.169000E+02   -0.953578E+00   -0.463357E-01    0.610771E-04    0.438539E-03
    0.170000E+02   -0.953815E+00   -0.460984E-01    0.489258E-04    0.427377E-03
    0.171000E+02   -0.954050E+00   -0.458654E-01    0.372391E-04    0.416548E-03
    0.172000E+02   -0.954281E+00   -0.456366E-01    0.259987E-04    0.406042E-03
    0.173000E+02   -0.954508E+00   -0.454119E-01    0.151872E-04    0.395846E-03
    0.174000E+02   -0.954729E+00   -0.451912E-01    0.478850E-05    0.385948E-03
    0.175000E+02   -0.954946E+00   -0.449744E-01   -0.521339E-05    0.376338E-03
    0.176000E+02   -0.955162E+00   -0.447614E-01   -0.148336E-04    0.367010E-03
    0.177000E+02   -0.955372E+00   -0.445522E-01   -0.240866E-04    0.357950E-03
    0.178000E+02   -0.955576E+00   -0.443465E-01   -0.329865E-04    0.349148E-03
    0.179000E+02   -0.955781E+00   -0.441444E-01   -0.415463E-04    0.340600E-03
    0.180000E+02   -0.955982E+00   -0.439458E-01   -0.497790E-04    0.332295E-03
    0.181000E+02   -0.956177E+00   -0.437504E-01   -0.576968E-04    0.324223E-03
    0.182000E+02   -0.956370E+00   -0.435584E-01   -0.653114E-04    0.316378E-03
    0.183000E+02   -0.956561E+00   -0.433696E-01   -0.726341E-04    0.308755E-03
    0.184000E+02   -0.956747E+00   -0.431839E-01   -0.796757E-04    0.301341E-03
    0.185000E+02   -0.956930E+00   -0.430013E-01   -0.864463E-04    0.294133E-03
    0.186000E+02   -0.957111E+00   -0.428216E-01   -0.929561E-04    0.287124E-03
    0.187000E+02   -0.957288E+00   -0.426449E-01   -0.992147E-04    0.280305E-03
    0.188000E+02   -0.957464E+00   -0.424710E-01   -0.105231E-03    0.273674E-03
    0.189000E+02   -0.957636E+00   -0.422999E-01   -0.111014E-03    0.267222E-03
    0.190000E+02   -0.957804E+00   -0.421315E-01   -0.116572E-03    0.260943E-03
    0.191000E+02   -0.957971E+00   -0.419658E-01   -0.121914E-03    0.254834E-03
    0.192000E+02   -0.958135E+00   -0.418026E-01   -0.127046E-03    0.248887E-03
    0.193000E+02   -0.958297E+00   -0.416420E-01   -0.131977E-03    0.243099E-03
    0.194000E+02   -0.958455E+00   -0.414840E-01   -0.136713E-03    0.237462E-03
    0.195000E+02   -0.958612E+00   -0.413283E-01   -0.141263E-03    0.231975E-03
    0.196000E+02   -0.958766E+00   -0.411750E-01   -0.145631E-03    0.226632E-03
    0.197000E+02   -0.958918E+00   -0.410240E-01   -0.149825E-03    0.221427E-03
    0.198000E+02   -0.959067E+00   -0.408753E-01   -0.153851E-03    0.216358E-03
    0.199000E+02   -0.959214E+00   -0.407288E-01   -0.157715E-03    0.211420E-03
    0.200000E+02   -0.959359E+00   -0.405845E-01   -0.161422E-03    0.206608E-03
