    0.000000E+00   -0.324239E+01    0.000000E+00    0.000000E+00    0.000000E+00    0.000000E+00
    0.100000E+00   -0.317367E+01    0.000000E+00   -0.000000E+00    0.000000E+00    0.000000E+00
    0.200000E+00   -0.310573E+01   -0.000000E+00   -0.000000E+00    0.000000E+00    0.000000E+00
    0.300000E+00   -0.303851E+01    0.131466E-37   -0.206749E-36   -0.256731E-37    0.198417E-36
    0.400000E+00   -0.297198E+01   -0.487307E-45   -0.105091E-43    0.340090E-45    0.956463E-44
    0.500000E+00   -0.290614E+01   -0.379309E-52   -0.713827E-51    0.301140E-52    0.620179E-51
    0.600000E+00   -0.284099E+01   -0.348578E-59   -0.594163E-58    0.293417E-59    0.494341E-58
    0.700000E+00   -0.277652E+01   -0.424990E-66   -0.655936E-65    0.372956E-66    0.524224E-65
    0.800000E+00   -0.271276E+01   -0.737190E-73   -0.102935E-71    0.668300E-73    0.792717E-72
    0.900000E+00   -0.264973E+01   -0.181878E-79   -0.229549E-78    0.169588E-79    0.170921E-78
    0.100000E+01   -0.258747E+01    0.119985E-28    0.136751E-27   -0.114952E-28   -0.988277E-28
    0.110000E+01   -0.252601E+01    0.701836E-35    0.721776E-34   -0.691867E-35   -0.508554E-34
    0.120000E+01   -0.246539E+01    0.636460E-41    0.589914E-40   -0.647350E-41   -0.407481E-40
    0.130000E+01   -0.240566E+01    0.877535E-47    0.731885E-46   -0.923807E-47   -0.498989E-46
    0.140000E+01   -0.234688E+01    0.187547E-52    0.140423E-51   -0.204846E-52   -0.952819E-52
    0.150000E+01   -0.228909E+01   -0.000000E+00   -0.000000E+00    0.000000E+00    0.000000E+00
    0.160000E+01   -0.223235E+01   -0.288008E-44   -0.171834E-43    0.338638E-44    0.119139E-43
    0.170000E+01   -0.217671E+01   -0.613277E-59   -0.323943E-58    0.744898E-59    0.231252E-58
    0.180000E+01   -0.212219E+01   -0.533412E-73   -0.247661E-72    0.665814E-73    0.184537E-72
    0.190000E+01   -0.206885E+01   -0.395695E-31   -0.160140E-30    0.504621E-31    0.126360E-30
    0.200000E+01   -0.201670E+01   -0.593617E-41   -0.207400E-40    0.769136E-41    0.175975E-40
    0.210000E+01   -0.196577E+01   -0.500157E-53   -0.149172E-52    0.655295E-53    0.138382E-52
    0.220000E+01   -0.191605E+01   -0.111282E-57   -0.279461E-57    0.146901E-57    0.288838E-57
    0.230000E+01   -0.186755E+01   -0.730237E-70   -0.151706E-69    0.968723E-70    0.178698E-69
    0.240000E+01   -0.182028E+01   -0.365958E-28   -0.613877E-28    0.487014E-28    0.848433E-28
    0.250000E+01   -0.177422E+01   -0.157193E-32   -0.205471E-32    0.209613E-32    0.346881E-32
    0.260000E+01   -0.172936E+01    0.530141E-29    0.510214E-29   -0.707750E-29   -0.111855E-28
    0.270000E+01   -0.168570E+01    0.338702E-33    0.216564E-33   -0.452362E-33   -0.686217E-33
    0.280000E+01   -0.164323E+01    0.261365E-37    0.874092E-38   -0.348956E-37   -0.510518E-37
    0.290000E+01   -0.160194E+01    0.588523E-43    0.260835E-44   -0.784798E-43   -0.111238E-42
    0.300000E+01   -0.156181E+01    0.650391E-47   -0.151909E-47   -0.865029E-47   -0.119381E-46
    0.310000E+01   -0.152283E+01    0.840980E-51   -0.421890E-51   -0.111383E-50   -0.150381E-50
    0.320000E+01   -0.148501E+01   -0.495520E-24    0.380386E-24    0.659638E-24    0.857781E-24
    0.330000E+01   -0.144832E+01    0.133083E-24   -0.134779E-24   -0.172557E-24   -0.229004E-24
    0.340000E+01   -0.141278E+01    0.234400E-28   -0.296471E-28   -0.302549E-28   -0.393622E-28
    0.350000E+01   -0.137837E+01    0.422233E-32   -0.637567E-32   -0.538149E-32   -0.696039E-32
    0.360000E+01   -0.134511E+01    0.337223E-22   -0.592939E-22   -0.431790E-22   -0.534913E-22
    0.370000E+01   -0.131299E+01    0.113458E-26   -0.222753E-26   -0.196299E-26   -0.182598E-26
    0.380000E+01   -0.128203E+01    0.163784E-30   -0.363483E-30   -0.196790E-30   -0.256393E-30
    0.390000E+01   -0.125224E+01    0.173299E-34   -0.411679E-34   -0.292239E-34   -0.258974E-34
    0.400000E+01   -0.122365E+01    0.175468E-38   -0.466916E-38   -0.199061E-38   -0.264482E-38
    0.410000E+01   -0.119625E+01    0.156055E-42   -0.447371E-42   -0.171204E-42   -0.230204E-42
    0.420000E+01   -0.117007E+01    0.116665E-46   -0.356906E-46   -0.123628E-46   -0.167851E-46
    0.430000E+01   -0.114513E+01    0.101404E-23   -0.316746E-23   -0.144871E-23   -0.143151E-23
    0.440000E+01   -0.112142E+01    0.589276E-28   -0.200110E-27   -0.584232E-28   -0.797320E-28
    0.450000E+01   -0.109895E+01   -0.104537E-28    0.371269E-28    0.840387E-29    0.159876E-28
    0.460000E+01   -0.107770E+01   -0.604457E-33    0.221419E-32    0.566316E-33    0.761583E-33
    0.470000E+01   -0.105764E+01   -0.833682E-25    0.309792E-24    0.116067E-24    0.482753E-25
    0.480000E+01   -0.103874E+01   -0.237246E-29    0.913913E-29    0.245201E-29    0.235800E-29
    0.490000E+01   -0.102096E+01    0.183700E-29   -0.725782E-29   -0.170255E-29   -0.197902E-29
    0.500000E+01   -0.100425E+01    0.474235E-25   -0.189171E-24   -0.567772E-25   -0.322351E-25
    0.510000E+01   -0.988553E+00    0.204964E-29   -0.838056E-29   -0.199565E-29   -0.187596E-29
    0.520000E+01   -0.973811E+00    0.140323E-33   -0.583494E-33   -0.132846E-33   -0.127184E-33
    0.530000E+01   -0.959966E+00   -0.363568E-30    0.154026E-29    0.303125E-30    0.367256E-30
    0.540000E+01   -0.946963E+00   -0.364989E-34    0.156433E-33    0.337975E-34    0.312766E-34
    0.550000E+01   -0.934745E+00    0.246306E-33   -0.101983E-32   -0.283862E-33    0.518463E-34
    0.560000E+01   -0.923259E+00    0.170990E-37   -0.748792E-37   -0.193002E-37   -0.882521E-38
    0.570000E+01   -0.912453E+00    0.237264E-41   -0.104967E-40   -0.225807E-41   -0.167032E-41
    0.580000E+01   -0.902281E+00    0.417140E-45   -0.185957E-44   -0.385538E-45   -0.296959E-45
    0.590000E+01   -0.892695E+00    0.883790E-49   -0.394413E-48   -0.801812E-49   -0.607722E-49
    0.600000E+01   -0.883655E+00    0.242772E-52   -0.108739E-51   -0.217509E-52   -0.161323E-52
    0.610000E+01   -0.875121E+00    0.665321E-56   -0.319308E-55   -0.597301E-56   -0.456769E-56
    0.620000E+01   -0.867057E+00    0.289875E-59   -0.137903E-58   -0.258618E-59   -0.190083E-59
    0.630000E+01   -0.859428E+00    0.123708E-62   -0.591766E-62   -0.107241E-62   -0.785778E-63
    0.640000E+01   -0.852205E+00    0.593935E-66   -0.298779E-65   -0.519265E-66   -0.383144E-66
    0.650000E+01   -0.845359E+00    0.327298E-69   -0.174212E-68   -0.295983E-69   -0.215793E-69
    0.660000E+01   -0.838863E+00    0.252918E-72   -0.131264E-71   -0.218153E-72   -0.156910E-72
    0.670000E+01   -0.832692E+00    0.197607E-75   -0.109910E-74   -0.177378E-75   -0.126962E-75
    0.680000E+01   -0.826826E+00    0.178272E-78   -0.997555E-78   -0.157609E-78   -0.111294E-78
    0.690000E+01   -0.821242E+00    0.183108E-81   -0.106305E-80   -0.163452E-81   -0.114622E-81
    0.700000E+01   -0.815922E+00    0.265381E-84   -0.154741E-83   -0.231165E-84   -0.161346E-84
    0.710000E+01   -0.810850E+00    0.441234E-87   -0.255073E-86   -0.369844E-87   -0.257312E-87
    0.720000E+01   -0.806007E+00    0.842034E-90   -0.496889E-89   -0.701648E-90   -0.484798E-90
    0.730000E+01   -0.801381E+00    0.201123E-92   -0.121266E-91   -0.166929E-92   -0.114440E-92
    0.740000E+01   -0.796957E+00    0.598934E-95   -0.364914E-94   -0.487521E-95   -0.333426E-95
    0.750000E+01   -0.792722E+00    0.240578E-97   -0.144567E-96   -0.186142E-97   -0.128172E-97
    0.760000E+01   -0.788666E+00    0.813019-100   -0.505780E-99   -0.636549-100   -0.433830-100
    0.770000E+01   -0.784785E+00   -0.304033E-34    0.189916E-33    0.206888E-34    0.115761E-34
    0.780000E+01   -0.781047E+00   -0.855561E-35    0.548222E-34    0.608323E-35    0.363843E-35
    0.790000E+01   -0.777462E+00   -0.100483E-36    0.664380E-36    0.766039E-37    0.498581E-37
    0.800000E+01   -0.774024E+00   -0.814458E-39    0.545701E-38    0.625276E-39    0.430081E-39
    0.810000E+01   -0.770707E+00   -0.271111E-39    0.185997E-38    0.206449E-39    0.140373E-39
    0.820000E+01   -0.767517E+00   -0.605968E-41    0.424092E-40    0.455463E-41    0.303658E-41
    0.830000E+01   -0.764447E+00   -0.455126E-43    0.325488E-42    0.340134E-43    0.224622E-43
    0.840000E+01   -0.761488E+00   -0.450938E-45    0.331438E-44    0.338556E-45    0.221411E-45
    0.850000E+01   -0.758634E+00   -0.564855E-47    0.422693E-46    0.421030E-47    0.274041E-47
    0.860000E+01   -0.755880E+00   -0.664510E-49    0.510949E-48    0.497904E-49    0.321162E-49
    0.870000E+01   -0.753221E+00   -0.135176E-60    0.105962E-59    0.100976E-60    0.649451E-61
    0.880000E+01   -0.750651E+00   -0.245264E-66    0.197776E-65    0.184711E-66    0.117567E-66
    0.890000E+01   -0.748166E+00   -0.487358E-32    0.402360E-31    0.489007E-32    0.509969E-32
    0.900000E+01   -0.745763E+00   -0.133695E-75    0.112954E-74    0.101233E-75    0.632206E-76
    0.910000E+01   -0.743437E+00   -0.434669E-77    0.372362E-76    0.325416E-77    0.202180E-77
    0.920000E+01   -0.741185E+00   -0.159659E-78    0.140862E-77    0.120958E-78    0.741789E-79
    0.930000E+01   -0.739002E+00   -0.608358E-80    0.544372E-79    0.456642E-80    0.278945E-80
    0.940000E+01   -0.736887E+00   -0.196201E-81    0.179413E-80    0.147617E-81    0.893582E-82
    0.950000E+01   -0.734836E+00   -0.946467E-83    0.882915E-82    0.712790E-83    0.427511E-83
    0.960000E+01   -0.732845E+00   -0.550158E-84    0.526719E-83    0.418159E-84    0.247902E-84
    0.970000E+01   -0.730912E+00   -0.546014E-85    0.534117E-84    0.415790E-85    0.244671E-85
    0.980000E+01   -0.729035E+00   -0.442070E-86    0.439193E-85    0.336047E-86    0.195781E-86
    0.990000E+01   -0.727210E+00   -0.371304E-87    0.377571E-86    0.284023E-87    0.163807E-87
    0.100000E+02   -0.725439E+00   -0.308510E-88    0.321758E-87    0.238156E-88    0.135827E-88
