    0.000000E+00   -0.324239E+01    0.374036E-01    0.961221E+00    0.966986E+00    0.343901E-01
    0.100000E+00   -0.317367E+01    0.389063E-01    0.959876E+00    0.965819E+00    0.353988E-01
    0.200000E+00   -0.310573E+01    0.405202E-01    0.958429E+00    0.964599E+00    0.364515E-01
    0.300000E+00   -0.303851E+01    0.422572E-01    0.956869E+00    0.963326E+00    0.375479E-01
    0.400000E+00   -0.297198E+01    0.441313E-01    0.955182E+00    0.961998E+00    0.386884E-01
    0.500000E+00   -0.290614E+01    0.461584E-01    0.953356E+00    0.960613E+00    0.398734E-01
    0.600000E+00   -0.284099E+01    0.483567E-01    0.951372E+00    0.959168E+00    0.411037E-01
    0.700000E+00   -0.277652E+01    0.507472E-01    0.949212E+00    0.957661E+00    0.423803E-01
    0.800000E+00   -0.271276E+01    0.533533E-01    0.946853E+00    0.956089E+00    0.437048E-01
    0.900000E+00   -0.264973E+01    0.562015E-01    0.944269E+00    0.954450E+00    0.450794E-01
    0.100000E+01   -0.258747E+01    0.593206E-01    0.941432E+00    0.952740E+00    0.465074E-01
    0.110000E+01   -0.252601E+01    0.627415E-01    0.938311E+00    0.950954E+00    0.479931E-01
    0.120000E+01   -0.246539E+01    0.664965E-01    0.934871E+00    0.949090E+00    0.495424E-01
    0.130000E+01   -0.240566E+01    0.706176E-01    0.931079E+00    0.947141E+00    0.511621E-01
    0.140000E+01   -0.234688E+01    0.751353E-01    0.926901E+00    0.945104E+00    0.528594E-01
    0.150000E+01   -0.228909E+01    0.800774E-01    0.922306E+00    0.942975E+00    0.546416E-01
    0.160000E+01   -0.223235E+01    0.854677E-01    0.917267E+00    0.940751E+00    0.565142E-01
    0.170000E+01   -0.217671E+01    0.913255E-01    0.911762E+00    0.938432E+00    0.584800E-01
    0.180000E+01   -0.212219E+01    0.976661E-01    0.905773E+00    0.936022E+00    0.605384E-01
    0.190000E+01   -0.206885E+01    0.104501E+00    0.899288E+00    0.933527E+00    0.626840E-01
    0.200000E+01   -0.201670E+01    0.111840E+00    0.892296E+00    0.930957E+00    0.649071E-01
    0.210000E+01   -0.196577E+01    0.119689E+00    0.884793E+00    0.928325E+00    0.671935E-01
    0.220000E+01   -0.191605E+01    0.128056E+00    0.876773E+00    0.925647E+00    0.695249E-01
    0.230000E+01   -0.186755E+01    0.136946E+00    0.868233E+00    0.922943E+00    0.718791E-01
    0.240000E+01   -0.182028E+01    0.146365E+00    0.859170E+00    0.920233E+00    0.742314E-01
    0.250000E+01   -0.177422E+01    0.156322E+00    0.849582E+00    0.917542E+00    0.765543E-01
    0.260000E+01   -0.172936E+01    0.166825E+00    0.839462E+00    0.914895E+00    0.788189E-01
    0.270000E+01   -0.168570E+01    0.177885E+00    0.828803E+00    0.912317E+00    0.809948E-01
    0.280000E+01   -0.164323E+01    0.189520E+00    0.817593E+00    0.909837E+00    0.830509E-01
    0.290000E+01   -0.160194E+01    0.201749E+00    0.805814E+00    0.907481E+00    0.849560E-01
    0.300000E+01   -0.156181E+01    0.214601E+00    0.793441E+00    0.905279E+00    0.866791E-01
    0.310000E+01   -0.152283E+01    0.228113E+00    0.780439E+00    0.903259E+00    0.881894E-01
    0.320000E+01   -0.148501E+01    0.242330E+00    0.766765E+00    0.901448E+00    0.894571E-01
    0.330000E+01   -0.144832E+01    0.257309E+00    0.752363E+00    0.899875E+00    0.904531E-01
    0.340000E+01   -0.141278E+01    0.273117E+00    0.737166E+00    0.898567E+00    0.911502E-01
    0.350000E+01   -0.137837E+01    0.289831E+00    0.721095E+00    0.897551E+00    0.915229E-01
    0.360000E+01   -0.134511E+01    0.307535E+00    0.704065E+00    0.896850E+00    0.915488E-01
    0.370000E+01   -0.131299E+01    0.326316E+00    0.685986E+00    0.896488E+00    0.912102E-01
    0.380000E+01   -0.128203E+01    0.346254E+00    0.666771E+00    0.896479E+00    0.904956E-01
    0.390000E+01   -0.125224E+01    0.367411E+00    0.646352E+00    0.896835E+00    0.894027E-01
    0.400000E+01   -0.122365E+01    0.389815E+00    0.624689E+00    0.897555E+00    0.879413E-01
    0.410000E+01   -0.119625E+01    0.413440E+00    0.601795E+00    0.898628E+00    0.861362E-01
    0.420000E+01   -0.117007E+01    0.438191E+00    0.577753E+00    0.900027E+00    0.840284E-01
    0.430000E+01   -0.114513E+01    0.463887E+00    0.552727E+00    0.901712E+00    0.816749E-01
    0.440000E+01   -0.112142E+01    0.490264E+00    0.526962E+00    0.903629E+00    0.791450E-01
    0.450000E+01   -0.109895E+01    0.516996E+00    0.500771E+00    0.905719E+00    0.765138E-01
    0.460000E+01   -0.107770E+01    0.543724E+00    0.474503E+00    0.907919E+00    0.738547E-01
    0.470000E+01   -0.105764E+01    0.570093E+00    0.448504E+00    0.910171E+00    0.712324E-01
    0.480000E+01   -0.103874E+01    0.595788E+00    0.423089E+00    0.912425E+00    0.686981E-01
    0.490000E+01   -0.102096E+01    0.620554E+00    0.398514E+00    0.914644E+00    0.662879E-01
    0.500000E+01   -0.100425E+01    0.644207E+00    0.374969E+00    0.916799E+00    0.640243E-01
    0.510000E+01   -0.988553E+00    0.666627E+00    0.352582E+00    0.918872E+00    0.619181E-01
    0.520000E+01   -0.973811E+00    0.687752E+00    0.331425E+00    0.920852E+00    0.599716E-01
    0.530000E+01   -0.959966E+00    0.707561E+00    0.311525E+00    0.922733E+00    0.581813E-01
    0.540000E+01   -0.946963E+00    0.726072E+00    0.292875E+00    0.924513E+00    0.565398E-01
    0.550000E+01   -0.934745E+00    0.743322E+00    0.275445E+00    0.926195E+00    0.550378E-01
    0.560000E+01   -0.923259E+00    0.759365E+00    0.259189E+00    0.927781E+00    0.536649E-01
    0.570000E+01   -0.912453E+00    0.774264E+00    0.244050E+00    0.929276E+00    0.524107E-01
    0.580000E+01   -0.902281E+00    0.788087E+00    0.229965E+00    0.930683E+00    0.512648E-01
    0.590000E+01   -0.892695E+00    0.800905E+00    0.216870E+00    0.932008E+00    0.502174E-01
    0.600000E+01   -0.883655E+00    0.812786E+00    0.204698E+00    0.933256E+00    0.492593E-01
    0.610000E+01   -0.875121E+00    0.823799E+00    0.193386E+00    0.934432E+00    0.483823E-01
    0.620000E+01   -0.867057E+00    0.834009E+00    0.182872E+00    0.935541E+00    0.475786E-01
    0.630000E+01   -0.859428E+00    0.843476E+00    0.173096E+00    0.936587E+00    0.468412E-01
    0.640000E+01   -0.852205E+00    0.852260E+00    0.164002E+00    0.937574E+00    0.461639E-01
    0.650000E+01   -0.845359E+00    0.860413E+00    0.155539E+00    0.938508E+00    0.455409E-01
    0.660000E+01   -0.838863E+00    0.867985E+00    0.147657E+00    0.939390E+00    0.449671E-01
    0.670000E+01   -0.832692E+00    0.875024E+00    0.140312E+00    0.940226E+00    0.444380E-01
    0.680000E+01   -0.826826E+00    0.881572E+00    0.133462E+00    0.941017E+00    0.439495E-01
    0.690000E+01   -0.821242E+00    0.887668E+00    0.127067E+00    0.941768E+00    0.434977E-01
    0.700000E+01   -0.815922E+00    0.893348E+00    0.121093E+00    0.942480E+00    0.430794E-01
    0.710000E+01   -0.810850E+00    0.898645E+00    0.115506E+00    0.943157E+00    0.426916E-01
    0.720000E+01   -0.806007E+00    0.903590E+00    0.110278E+00    0.943801E+00    0.423316E-01
    0.730000E+01   -0.801381E+00    0.908209E+00    0.105380E+00    0.944414E+00    0.419970E-01
    0.740000E+01   -0.796957E+00    0.912530E+00    0.100787E+00    0.944998E+00    0.416856E-01
    0.750000E+01   -0.792722E+00    0.916575E+00    0.964757E-01    0.945554E+00    0.413953E-01
    0.760000E+01   -0.788666E+00    0.920364E+00    0.924257E-01    0.946086E+00    0.411246E-01
    0.770000E+01   -0.784777E+00    0.923918E+00    0.886173E-01    0.946593E+00    0.408717E-01
    0.780000E+01   -0.781045E+00    0.927254E+00    0.850325E-01    0.947078E+00    0.406352E-01
    0.790000E+01   -0.777461E+00    0.930389E+00    0.816553E-01    0.947542E+00    0.404137E-01
    0.800000E+01   -0.774018E+00    0.933337E+00    0.784706E-01    0.947986E+00    0.402062E-01
    0.810000E+01   -0.770705E+00    0.936112E+00    0.754648E-01    0.948412E+00    0.400115E-01
    0.820000E+01   -0.767517E+00    0.938726E+00    0.726251E-01    0.948820E+00    0.398285E-01
    0.830000E+01   -0.764447E+00    0.941192E+00    0.699402E-01    0.949212E+00    0.396566E-01
    0.840000E+01   -0.761488E+00    0.943518E+00    0.673993E-01    0.949588E+00    0.394947E-01
    0.850000E+01   -0.758634E+00    0.945716E+00    0.649926E-01    0.949949E+00    0.393422E-01
    0.860000E+01   -0.755880E+00    0.947794E+00    0.627113E-01    0.950296E+00    0.391984E-01
    0.870000E+01   -0.753220E+00    0.949761E+00    0.605469E-01    0.950630E+00    0.390627E-01
    0.880000E+01   -0.750651E+00    0.951622E+00    0.584918E-01    0.950951E+00    0.389345E-01
    0.890000E+01   -0.748167E+00    0.953387E+00    0.565390E-01    0.951261E+00    0.388133E-01
    0.900000E+01   -0.745763E+00    0.955060E+00    0.546819E-01    0.951559E+00    0.386985E-01
    0.910000E+01   -0.743437E+00    0.956649E+00    0.529146E-01    0.951847E+00    0.385899E-01
    0.920000E+01   -0.741185E+00    0.958157E+00    0.512314E-01    0.952124E+00    0.384869E-01
    0.930000E+01   -0.739002E+00    0.959592E+00    0.496271E-01    0.952392E+00    0.383892E-01
    0.940000E+01   -0.736887E+00    0.960956E+00    0.480971E-01    0.952651E+00    0.382964E-01
    0.950000E+01   -0.734836E+00    0.962254E+00    0.466369E-01    0.952900E+00    0.382083E-01
    0.960000E+01   -0.732845E+00    0.963491E+00    0.452423E-01    0.953142E+00    0.381245E-01
    0.970000E+01   -0.730911E+00    0.964670E+00    0.439095E-01    0.953375E+00    0.380448E-01
    0.980000E+01   -0.729035E+00    0.965795E+00    0.426349E-01    0.953601E+00    0.379689E-01
    0.990000E+01   -0.727211E+00    0.966868E+00    0.414153E-01    0.953820E+00    0.378966E-01
    0.100000E+02   -0.725438E+00    0.967893E+00    0.402477E-01    0.954031E+00    0.378276E-01
