    0.000000E+00   -0.324239E+01    0.000000E+00    0.000000E+00    0.000000E+00    0.000000E+00
    0.100000E+00   -0.317367E+01    0.000000E+00    0.000000E+00    0.000000E+00    0.000000E+00
    0.200000E+00   -0.310573E+01    0.000000E+00    0.000000E+00    0.000000E+00    0.000000E+00
    0.300000E+00   -0.303851E+01   -0.121595E-34   -0.194127E-33    0.164797E-33    0.104935E-34
    0.400000E+00   -0.297198E+01   -0.483193E-42   -0.772513E-41    0.650216E-41    0.392889E-42
    0.500000E+00   -0.290614E+01   -0.257757E-49   -0.394822E-48    0.329376E-48    0.206888E-49
    0.600000E+00   -0.284099E+01   -0.176058E-56   -0.257946E-55    0.213133E-55    0.139430E-56
    0.700000E+00   -0.277652E+01   -0.164775E-63   -0.230657E-62    0.188617E-62    0.128601E-63
    0.800000E+00   -0.271276E+01   -0.224900E-70   -0.300453E-69    0.242948E-69    0.172750E-70
    0.900000E+00   -0.264973E+01   -0.445674E-77   -0.567558E-76    0.453390E-76    0.336426E-77
    0.100000E+01   -0.258747E+01    0.221266E-27    0.268621E-26   -0.212047E-26   -0.164399E-27
    0.110000E+01   -0.252601E+01    0.107866E-33    0.124371E-32   -0.966843E-33   -0.782660E-34
    0.120000E+01   -0.246539E+01    0.827190E-40    0.905846E-39   -0.693644E-39   -0.586946E-40
    0.130000E+01   -0.240566E+01    0.980114E-46    0.101811E-44   -0.767230E-45   -0.678925E-46
    0.140000E+01   -0.234688E+01    0.182906E-51    0.179998E-50   -0.133383E-50   -0.123476E-51
    0.150000E+01   -0.228909E+01    0.500467E-57    0.466006E-56   -0.339360E-56   -0.328717E-57
    0.160000E+01   -0.223235E+01    0.194264E-62    0.170942E-61   -0.122287E-61   -0.123954E-62
    0.170000E+01   -0.217671E+01    0.106563E-67    0.885083E-67   -0.621886E-67   -0.659584E-68
    0.180000E+01   -0.212219E+01    0.788293E-73    0.617286E-72   -0.426041E-72   -0.472689E-73
    0.190000E+01   -0.206885E+01    0.773165E-78    0.570191E-77   -0.386689E-77   -0.448597E-78
    0.200000E+01   -0.201670E+01    0.982011E-83    0.681355E-82   -0.454269E-82   -0.550684E-83
    0.210000E+01   -0.196577E+01    0.165016E-87    0.107618E-86   -0.705853E-87   -0.893385E-88
    0.220000E+01   -0.191605E+01    0.352962E-92    0.216177E-91   -0.139592E-91   -0.184278E-92
    0.230000E+01   -0.186755E+01    0.958200E-97    0.550691E-96   -0.350409E-96   -0.481876E-97
    0.240000E+01   -0.182028E+01   -0.125897E-26   -0.678428E-26    0.425808E-26    0.609086E-27
    0.250000E+01   -0.177422E+01   -0.531544E-31   -0.268368E-30    0.166317E-30    0.247033E-31
    0.260000E+01   -0.172936E+01   -0.274751E-35   -0.129868E-34    0.795627E-35    0.122466E-35
    0.270000E+01   -0.168570E+01   -0.174846E-39   -0.773089E-39    0.468781E-39    0.746054E-40
    0.280000E+01   -0.164323E+01   -0.135243E-43   -0.558859E-43    0.335864E-43    0.551241E-44
    0.290000E+01   -0.160194E+01    0.114347E-24    0.441209E-24   -0.263491E-24   -0.444785E-25
    0.300000E+01   -0.156181E+01    0.128295E-28    0.461516E-28   -0.273734E-28   -0.473561E-29
    0.310000E+01   -0.152283E+01    0.169325E-32    0.567156E-32   -0.335137E-32   -0.592228E-33
    0.320000E+01   -0.148501E+01    0.660708E-23    0.207094E-22   -0.128220E-22   -0.232096E-23
    0.330000E+01   -0.144832E+01    0.376170E-25    0.108640E-24   -0.642029E-25   -0.116984E-25
    0.340000E+01   -0.141278E+01    0.685129E-29    0.183071E-28   -0.108553E-28   -0.199492E-29
    0.350000E+01   -0.137837E+01    0.128930E-32    0.317755E-32   -0.189384E-32   -0.349232E-33
    0.360000E+01   -0.134511E+01    0.143658E-20    0.330524E-20   -0.222992E-20   -0.415373E-21
    0.370000E+01   -0.131299E+01    0.275049E-23    0.569164E-23   -0.339724E-23   -0.619321E-24
    0.380000E+01   -0.128203E+01    0.417525E-27    0.789271E-27   -0.487099E-27   -0.877560E-28
    0.390000E+01   -0.125224E+01    0.559597E-31    0.959628E-31   -0.603781E-31   -0.106632E-31
    0.400000E+01   -0.122365E+01    0.631668E-35    0.977605E-35   -0.628783E-35   -0.108157E-35
    0.410000E+01   -0.119625E+01    0.608039E-39    0.844937E-39   -0.556763E-39   -0.926931E-40
    0.420000E+01   -0.117007E+01    0.500604E-43    0.621613E-43   -0.420136E-43   -0.673025E-44
    0.430000E+01   -0.114513E+01    0.397259E-21    0.445927E-21   -0.356852E-21   -0.551411E-22
    0.440000E+01   -0.112142E+01    0.265473E-25    0.260400E-25   -0.185597E-25   -0.271332E-26
    0.450000E+01   -0.109895E+01    0.561874E-25    0.492423E-25   -0.393895E-25   -0.549563E-26
    0.460000E+01   -0.107770E+01    0.317459E-29    0.243944E-29   -0.176884E-29   -0.232888E-30
    0.470000E+01   -0.105764E+01   -0.222151E-22   -0.150159E-22    0.963193E-23    0.119519E-23
    0.480000E+01   -0.103874E+01   -0.114967E-26   -0.693569E-27    0.470595E-27    0.555252E-28
    0.490000E+01   -0.102096E+01   -0.645072E-31   -0.346890E-31    0.227392E-31    0.254477E-32
    0.500000E+01   -0.100425E+01    0.248206E-23    0.119493E-23   -0.751986E-24   -0.799627E-25
    0.510000E+01   -0.988553E+00    0.210315E-27    0.903939E-28   -0.406365E-28   -0.405741E-29
    0.520000E+01   -0.973811E+00    0.154846E-31    0.604079E-32   -0.305848E-32   -0.294044E-33
    0.530000E+01   -0.959966E+00    0.130567E-35    0.462367E-36   -0.219906E-36   -0.202242E-37
    0.540000E+01   -0.946963E+00    0.135444E-39    0.437006E-40   -0.188073E-40   -0.165629E-41
    0.550000E+01   -0.934745E+00   -0.238690E-30   -0.695689E-31   -0.106074E-31   -0.107968E-32
    0.560000E+01   -0.923259E+00   -0.320830E-34   -0.867484E-35    0.220455E-35    0.174692E-36
    0.570000E+01   -0.912453E+00   -0.516778E-38   -0.128920E-38    0.377734E-39    0.293640E-40
    0.580000E+01   -0.902281E+00   -0.112323E-41   -0.258896E-42    0.701430E-43    0.526689E-44
    0.590000E+01   -0.892695E+00   -0.258182E-45   -0.551279E-46    0.133209E-46    0.964838E-48
    0.600000E+01   -0.883655E+00   -0.715503E-49   -0.141918E-49    0.303489E-50    0.211973E-51
    0.610000E+01   -0.875121E+00   -0.252062E-52   -0.465991E-53    0.885352E-54    0.596145E-55
    0.620000E+01   -0.867057E+00   -0.101346E-55   -0.174838E-56    0.290028E-57    0.188099E-58
    0.630000E+01   -0.859428E+00   -0.490318E-59   -0.791193E-60    0.113059E-60    0.703978E-62
    0.640000E+01   -0.852205E+00   -0.272418E-62   -0.411975E-63    0.499692E-64    0.297586E-65
    0.650000E+01   -0.845359E+00   -0.166675E-65   -0.236983E-66    0.239384E-67    0.135018E-68
    0.660000E+01   -0.838863E+00   -0.117969E-68   -0.157673E-69    0.128617E-70    0.677372E-72
    0.670000E+01   -0.832692E+00   -0.108368E-71   -0.136547E-72    0.857457E-74    0.407992E-75
    0.680000E+01   -0.826826E+00   -0.106993E-74   -0.127196E-75    0.570217E-77    0.225526E-78
    0.690000E+01   -0.821242E+00   -0.117472E-77   -0.132006E-78    0.362923E-80    0.840088E-82
    0.700000E+01   -0.815922E+00   -0.185264E-80   -0.196759E-81    0.225516E-83   -0.771912E-85
    0.710000E+01   -0.810850E+00   -0.296813E-83   -0.298772E-84   -0.145712E-86   -0.421089E-87
    0.720000E+01   -0.806007E+00   -0.512878E-86   -0.489480E-87   -0.101131E-88   -0.116207E-89
    0.730000E+01   -0.801381E+00   -0.126124E-88   -0.114301E-89   -0.403644E-91   -0.371279E-92
    0.740000E+01   -0.796957E+00   -0.288697E-91   -0.248683E-92   -0.125889E-93   -0.103127E-94
    0.750000E+01   -0.792722E+00   -0.852752E-94   -0.697889E-95   -0.436627E-96   -0.337779E-97
    0.760000E+01   -0.788666E+00   -0.339212E-96   -0.264583E-97   -0.202059E-98   -0.148661E-99
    0.770000E+01   -0.784777E+00   -0.150628E-98   -0.112075E-99   -0.101399-100   -0.717888-102
    0.780000E+01   -0.781045E+00   -0.611324-101   -0.434302-102   -0.454725-103   -0.312260-104
    0.790000E+01   -0.777461E+00   -0.308094-103   -0.209212-104   -0.248265-105   -0.166287-106
    0.800000E+01   -0.774018E+00   -0.205051-105   -0.133211-106   -0.176215-107   -0.115609-108
    0.810000E+01   -0.770705E+00   -0.152085-107   -0.946192-109   -0.138147-109   -0.889969-111
    0.820000E+01   -0.767517E+00   -0.138071-109   -0.823055-111   -0.131090-111   -0.831691-113
    0.830000E+01   -0.764447E+00   -0.176308-111   -0.100798-112   -0.173802-113   -0.108756-114
    0.840000E+01   -0.761488E+00   -0.223415-113   -0.122645-114   -0.228795-115   -0.141284-116
    0.850000E+01   -0.758634E+00   -0.311605-115   -0.164311-116   -0.329005-117   -0.200872-118
    0.860000E+01   -0.755880E+00   -0.378582-117   -0.191965-118   -0.410616-119   -0.248034-120
    0.870000E+01   -0.753220E+00   -0.596169-119   -0.290782-120   -0.661225-121   -0.395643-122
    0.880000E+01   -0.750651E+00   -0.141654-120   -0.665120-122   -0.160131-122   -0.949776-124
    0.890000E+01   -0.748167E+00   -0.348691-122   -0.157737-123   -0.400888-124   -0.235827-125
    0.900000E+01   -0.745763E+00   -0.925363-124   -0.403516-125   -0.107995-125   -0.630471-127
    0.910000E+01   -0.743437E+00   -0.266537-125   -0.112124-126   -0.315270-127   -0.182730-128
    0.920000E+01   -0.741185E+00   -0.908973-127   -0.369016-128   -0.108707-128   -0.625938-130
    0.930000E+01   -0.739002E+00   -0.336130-128   -0.131784-129   -0.405983-130   -0.232302-131
    0.940000E+01   -0.736887E+00   -0.157241-129   -0.595709-131   -0.191502-131   -0.108935-132
    0.950000E+01   -0.734836E+00   -0.782800-131   -0.286714-132   -0.960203-133   -0.543210-134
    0.960000E+01   -0.732845E+00   -0.596013-132   -0.211165-133   -0.735473-134   -0.413897-135
    0.970000E+01   -0.730911E+00   -0.433520-133   -0.148667-134   -0.537936-135   -0.301216-136
    0.980000E+01   -0.729035E+00   -0.315597-134   -0.104793-135   -0.393422-136   -0.219271-137
    0.990000E+01   -0.727211E+00   -0.243469-135   -0.783199-137   -0.304699-137   -0.169067-138
    0.100000E+02   -0.725438E+00   -0.287330-136   -0.895888-138   -0.360575-138   -0.199226-139
