    0.000000E+00   -0.324239E+01   -0.253736E+01   -0.226695E+01   -0.224285E+01   -0.197244E+01   -0.126741E+01   -0.853451E+00   -0.793767E+00   -0.558944E+00   -0.499260E+00   -0.476205E+00   -0.440577E+00   -0.181698E+00   -0.146070E+00    0.146090E+00    0.205774E+00    0.416500E+00    0.476184E+00    0.523337E+00    0.558965E+00    0.793747E+00    0.829375E+00    0.188968E+01    0.220724E+01    0.224287E+01    0.226693E+01    0.230255E+01    0.262012E+01
    0.100000E+00   -0.317369E+01   -0.249114E+01   -0.221176E+01   -0.215832E+01   -0.192858E+01   -0.120342E+01   -0.830031E+00   -0.760386E+00   -0.530539E+00   -0.471970E+00   -0.448472E+00   -0.415182E+00   -0.158556E+00   -0.114738E+00    0.176669E+00    0.233589E+00    0.442061E+00    0.506217E+00    0.546898E+00    0.590723E+00    0.825204E+00    0.856444E+00    0.189100E+01    0.222338E+01    0.227031E+01    0.234886E+01    0.236431E+01    0.262112E+01
    0.200000E+00   -0.310585E+01   -0.244509E+01   -0.216435E+01   -0.206673E+01   -0.188501E+01   -0.113923E+01   -0.808247E+00   -0.727585E+00   -0.504041E+00   -0.444415E+00   -0.423236E+00   -0.389595E+00   -0.136978E+00   -0.837358E-01    0.207758E+00    0.262676E+00    0.468831E+00    0.537743E+00    0.570275E+00    0.624699E+00    0.854672E+00    0.888148E+00    0.189217E+01    0.222730E+01    0.227591E+01    0.244060E+01    0.245045E+01    0.262287E+01
    0.300000E+00   -0.303887E+01   -0.239923E+01   -0.211815E+01   -0.197474E+01   -0.184173E+01   -0.107491E+01   -0.787767E+00   -0.695614E+00   -0.479261E+00   -0.416825E+00   -0.400280E+00   -0.363863E+00   -0.116614E+00   -0.533751E-01    0.239418E+00    0.292949E+00    0.496939E+00    0.570625E+00    0.594002E+00    0.660412E+00    0.882652E+00    0.923931E+00    0.189328E+01    0.222914E+01    0.227833E+01    0.253250E+01    0.253947E+01    0.262759E+01
    0.400000E+00   -0.297278E+01   -0.235357E+01   -0.207254E+01   -0.188312E+01   -0.179865E+01   -0.101057E+01   -0.768323E+00   -0.664606E+00   -0.455922E+00   -0.389802E+00   -0.378809E+00   -0.338310E+00   -0.972349E-01   -0.238381E-01    0.271744E+00    0.324294E+00    0.526470E+00    0.604718E+00    0.618411E+00    0.697599E+00    0.910392E+00    0.962480E+00    0.189438E+01    0.223036E+01    0.227992E+01    0.260022E+01    0.263014E+01    0.265695E+01
    0.500000E+00   -0.290756E+01   -0.230811E+01   -0.202743E+01   -0.179268E+01   -0.175519E+01   -0.946401E+00   -0.749649E+00   -0.634618E+00   -0.433742E+00   -0.365377E+00   -0.356562E+00   -0.313285E+00   -0.786751E-01    0.476928E-02    0.304851E+00    0.356595E+00    0.557458E+00    0.639675E+00    0.643923E+00    0.736118E+00    0.938692E+00    0.100292E+01    0.189548E+01    0.223132E+01    0.228120E+01    0.261373E+01    0.272420E+01    0.273834E+01
    0.600000E+00   -0.284323E+01   -0.226287E+01   -0.198277E+01   -0.171858E+01   -0.169629E+01   -0.882747E+00   -0.731374E+00   -0.605639E+00   -0.412466E+00   -0.345595E+00   -0.331308E+00   -0.289031E+00   -0.608070E-01    0.323897E-01    0.338847E+00    0.389751E+00    0.589896E+00    0.669375E+00    0.676672E+00    0.775891E+00    0.967924E+00    0.104479E+01    0.189661E+01    0.223217E+01    0.228235E+01    0.261675E+01    0.281901E+01    0.283028E+01
    0.700000E+00   -0.277978E+01   -0.221786E+01   -0.193858E+01   -0.167449E+01   -0.160841E+01   -0.820417E+00   -0.712733E+00   -0.577590E+00   -0.391887E+00   -0.328201E+00   -0.305157E+00   -0.265679E+00   -0.435266E-01    0.590003E-01    0.373820E+00    0.423694E+00    0.623733E+00    0.696678E+00    0.713785E+00    0.816870E+00    0.998245E+00    0.108783E+01    0.189778E+01    0.223297E+01    0.228344E+01    0.261820E+01    0.291420E+01    0.292407E+01
    0.800000E+00   -0.271723E+01   -0.217310E+01   -0.189488E+01   -0.163293E+01   -0.151916E+01   -0.761875E+00   -0.691402E+00   -0.550307E+00   -0.371824E+00   -0.311906E+00   -0.279260E+00   -0.243271E+00   -0.267453E-01    0.846047E-01    0.409832E+00    0.458390E+00    0.658887E+00    0.724951E+00    0.751863E+00    0.859023E+00    0.102971E+01    0.113190E+01    0.189901E+01    0.223376E+01    0.228453E+01    0.261918E+01    0.300966E+01    0.301860E+01
    0.900000E+00   -0.265557E+01   -0.212858E+01   -0.185168E+01   -0.159211E+01   -0.143047E+01   -0.715256E+00   -0.659559E+00   -0.523475E+00   -0.352112E+00   -0.296291E+00   -0.253899E+00   -0.221781E+00   -0.103854E-01    0.109229E+00    0.446909E+00    0.493840E+00    0.695250E+00    0.754309E+00    0.790748E+00    0.902326E+00    0.106234E+01    0.117686E+01    0.190030E+01    0.223454E+01    0.228563E+01    0.261996E+01    0.310535E+01    0.311358E+01
    0.100000E+01   -0.259481E+01   -0.208434E+01   -0.180902E+01   -0.155186E+01   -0.134266E+01   -0.687447E+00   -0.610986E+00   -0.496475E+00   -0.332566E+00   -0.281108E+00   -0.229169E+00   -0.201118E+00    0.562428E-02    0.132917E+00    0.485040E+00    0.530078E+00    0.732694E+00    0.784786E+00    0.830359E+00    0.946760E+00    0.109609E+01    0.122265E+01    0.190167E+01    0.223535E+01    0.228676E+01    0.262066E+01    0.320124E+01    0.320889E+01
    0.110000E+01   -0.253495E+01   -0.204039E+01   -0.176693E+01   -0.151218E+01   -0.125593E+01   -0.668836E+00   -0.556804E+00   -0.467966E+00   -0.312925E+00   -0.266144E+00   -0.205129E+00   -0.181110E+00    0.213533E-01    0.155728E+00    0.524175E+00    0.567171E+00    0.771082E+00    0.816401E+00    0.870630E+00    0.992303E+00    0.113092E+01    0.126917E+01    0.190313E+01    0.223619E+01    0.228794E+01    0.262132E+01    0.329730E+01    0.330446E+01
    0.120000E+01   -0.247599E+01   -0.199673E+01   -0.172542E+01   -0.147307E+01   -0.117054E+01   -0.653162E+00   -0.506510E+00   -0.435136E+00   -0.292738E+00   -0.251173E+00   -0.181860E+00   -0.161469E+00    0.368750E-01    0.177736E+00    0.564218E+00    0.605217E+00    0.810261E+00    0.849173E+00    0.911503E+00    0.103893E+01    0.116680E+01    0.131638E+01    0.190470E+01    0.223708E+01    0.228918E+01    0.262197E+01    0.339353E+01    0.340024E+01
    0.130000E+01   -0.241794E+01   -0.195340E+01   -0.168454E+01   -0.143454E+01   -0.108678E+01   -0.638674E+00   -0.465848E+00   -0.394962E+00   -0.271117E+00   -0.235921E+00   -0.159498E+00   -0.141719E+00    0.522743E-01    0.199026E+00    0.605025E+00    0.644351E+00    0.850065E+00    0.883130E+00    0.952923E+00    0.108661E+01    0.120366E+01    0.136421E+01    0.190640E+01    0.223803E+01    0.229048E+01    0.262263E+01    0.348991E+01    0.349623E+01
    0.140000E+01   -0.236081E+01   -0.191040E+01   -0.164432E+01   -0.139664E+01   -0.100505E+01   -0.624742E+00   -0.434464E+00   -0.350523E+00   -0.246334E+00   -0.219976E+00   -0.138158E+00   -0.121203E+00    0.676597E-01    0.219692E+00    0.646408E+00    0.684738E+00    0.890305E+00    0.918327E+00    0.994843E+00    0.113531E+01    0.124143E+01    0.141261E+01    0.190825E+01    0.223905E+01    0.229188E+01    0.262330E+01    0.358643E+01    0.359239E+01
    0.150000E+01   -0.230460E+01   -0.186775E+01   -0.160479E+01   -0.135938E+01   -0.925875E+00   -0.611008E+00   -0.408005E+00   -0.309947E+00   -0.216566E+00   -0.202059E+00   -0.117503E+00   -0.992553E-01    0.831841E-01    0.239838E+00    0.688154E+00    0.726557E+00    0.930760E+00    0.954850E+00    0.103722E+01    0.118498E+01    0.128007E+01    0.146154E+01    0.191027E+01    0.224015E+01    0.229337E+01    0.262400E+01    0.368307E+01    0.368871E+01
    0.160000E+01   -0.224931E+01   -0.182548E+01   -0.156599E+01   -0.132278E+01   -0.850013E+00   -0.597141E+00   -0.383562E+00   -0.278428E+00   -0.189872E+00   -0.173422E+00   -0.962325E-01   -0.751141E-01    0.990834E-01    0.259581E+00    0.730070E+00    0.769954E+00    0.971198E+00    0.992805E+00    0.108001E+01    0.123557E+01    0.131954E+01    0.151094E+01    0.191251E+01    0.224136E+01    0.229498E+01    0.262473E+01    0.377984E+01    0.378518E+01
    0.170000E+01   -0.219495E+01   -0.178360E+01   -0.152794E+01   -0.128689E+01   -0.778555E+00   -0.582684E+00   -0.359729E+00   -0.254959E+00   -0.169619E+00   -0.136680E+00   -0.723131E-01   -0.467439E-01    0.115759E+00    0.279049E+00    0.772037E+00    0.814996E+00    0.101145E+01    0.103224E+01    0.112317E+01    0.128699E+01    0.135979E+01    0.156075E+01    0.191501E+01    0.224269E+01    0.229672E+01    0.262550E+01    0.387673E+01    0.388179E+01
    0.180000E+01   -0.214155E+01   -0.174214E+01   -0.149069E+01   -0.125172E+01   -0.713153E+00   -0.566824E+00   -0.335760E+00   -0.236315E+00   -0.148600E+00   -0.106600E+00   -0.457741E-01   -0.102068E-01    0.133963E+00    0.298390E+00    0.814020E+00    0.861655E+00    0.105153E+01    0.107303E+01    0.116668E+01    0.133913E+01    0.140082E+01    0.161090E+01    0.191784E+01    0.224417E+01    0.229863E+01    0.262633E+01    0.397372E+01    0.397853E+01
    0.190000E+01   -0.208910E+01   -0.170111E+01   -0.145426E+01   -0.121731E+01   -0.656385E+00   -0.547979E+00   -0.311266E+00   -0.220294E+00   -0.125517E+00   -0.845509E-01   -0.190318E-01    0.340556E-01    0.155212E+00    0.317785E+00    0.856050E+00    0.909835E+00    0.109157E+01    0.111491E+01    0.121049E+01    0.139182E+01    0.144268E+01    0.166129E+01    0.192110E+01    0.224585E+01    0.230072E+01    0.262722E+01    0.407081E+01    0.407538E+01
    0.200000E+01   -0.203762E+01   -0.166054E+01   -0.141869E+01   -0.118367E+01   -0.611699E+00   -0.523699E+00   -0.286233E+00   -0.205671E+00   -0.998162E-01   -0.669876E-01    0.795071E-02    0.788455E-01    0.182439E+00    0.337476E+00    0.898182E+00    0.959410E+00    0.113176E+01    0.115761E+01    0.125458E+01    0.144475E+01    0.148556E+01    0.171176E+01    0.192497E+01    0.224776E+01    0.230305E+01    0.262818E+01    0.416800E+01    0.417235E+01
    0.210000E+01   -0.198712E+01   -0.162044E+01   -0.138401E+01   -0.115085E+01   -0.580466E+00   -0.493338E+00   -0.261138E+00   -0.191672E+00   -0.713223E-01   -0.515549E-01    0.363997E-01    0.117116E+00    0.219319E+00    0.357835E+00    0.940465E+00    0.101026E+01    0.117224E+01    0.120087E+01    0.129891E+01    0.149730E+01    0.152989E+01    0.176204E+01    0.192972E+01    0.224997E+01    0.230565E+01    0.262923E+01    0.426528E+01    0.426942E+01
    0.220000E+01   -0.193764E+01   -0.158086E+01   -0.135024E+01   -0.111885E+01   -0.558881E+00   -0.460845E+00   -0.236956E+00   -0.177679E+00   -0.412831E-01   -0.363856E-01    0.675244E-01    0.147146E+00    0.265866E+00    0.379553E+00    0.982932E+00    0.106226E+01    0.121308E+01    0.124454E+01    0.134345E+01    0.154843E+01    0.157653E+01    0.181154E+01    0.193594E+01    0.225258E+01    0.230860E+01    0.263039E+01    0.436265E+01    0.436660E+01
    0.230000E+01   -0.188917E+01   -0.154180E+01   -0.131740E+01   -0.108771E+01   -0.542221E+00   -0.430402E+00   -0.214854E+00   -0.163140E+00   -0.243124E-01   -0.764862E-02    0.102053E+00    0.172821E+00    0.317070E+00    0.404180E+00    0.102560E+01    0.111533E+01    0.125429E+01    0.128847E+01    0.138819E+01    0.159705E+01    0.162628E+01    0.185886E+01    0.194511E+01    0.225572E+01    0.231201E+01    0.263168E+01    0.446010E+01    0.446386E+01
    0.240000E+01   -0.184176E+01   -0.150330E+01   -0.128552E+01   -0.105745E+01   -0.527897E+00   -0.403572E+00   -0.195661E+00   -0.147682E+00   -0.109928E-01    0.238400E-01    0.138656E+00    0.199762E+00    0.366003E+00    0.435456E+00    0.106847E+01    0.116937E+01    0.129589E+01    0.133257E+01    0.143308E+01    0.164337E+01    0.167853E+01    0.189991E+01    0.196137E+01    0.225957E+01    0.231601E+01    0.263312E+01    0.455762E+01    0.456122E+01
    0.250000E+01   -0.179542E+01   -0.146537E+01   -0.125462E+01   -0.102808E+01   -0.514751E+00   -0.380335E+00   -0.179462E+00   -0.131326E+00    0.202879E-02    0.537965E-01    0.172073E+00    0.234899E+00    0.405817E+00    0.478674E+00    0.111153E+01    0.122430E+01    0.133785E+01    0.137674E+01    0.147809E+01    0.168839E+01    0.173159E+01    0.192819E+01    0.199146E+01    0.226443E+01    0.232084E+01    0.263476E+01    0.465523E+01    0.465867E+01
    0.260000E+01   -0.175018E+01   -0.142805E+01   -0.122469E+01   -0.999622E+00   -0.502249E+00   -0.360157E+00   -0.165702E+00   -0.114465E+00    0.149533E-01    0.819823E-01    0.198273E+00    0.281751E+00    0.437195E+00    0.532706E+00    0.115476E+01    0.128004E+01    0.138016E+01    0.142089E+01    0.152320E+01    0.173280E+01    0.178350E+01    0.194742E+01    0.203213E+01    0.227071E+01    0.232691E+01    0.263666E+01    0.475290E+01    0.475619E+01
    0.270000E+01   -0.170606E+01   -0.139137E+01   -0.119577E+01   -0.972083E+00   -0.490121E+00   -0.342450E+00   -0.153659E+00   -0.975487E-01    0.278887E-01    0.108753E+00    0.219692E+00    0.336104E+00    0.466017E+00    0.592074E+00    0.119813E+01    0.133650E+01    0.142276E+01    0.146491E+01    0.156837E+01    0.177688E+01    0.183155E+01    0.196736E+01    0.207484E+01    0.227897E+01    0.233492E+01    0.263889E+01    0.485065E+01    0.485379E+01
    0.280000E+01   -0.166310E+01   -0.135534E+01   -0.116783E+01   -0.945474E+00   -0.478218E+00   -0.326720E+00   -0.142766E+00   -0.808720E-01    0.409160E-01    0.134547E+00    0.239254E+00    0.392205E+00    0.496923E+00    0.653730E+00    0.124161E+01    0.139359E+01    0.146563E+01    0.150867E+01    0.161357E+01    0.182069E+01    0.187194E+01    0.199473E+01    0.211485E+01    0.228972E+01    0.234625E+01    0.264157E+01    0.494845E+01    0.495147E+01
    0.290000E+01   -0.162133E+01   -0.132000E+01   -0.114088E+01   -0.919801E+00   -0.466456E+00   -0.312580E+00   -0.132652E+00   -0.645779E-01    0.541021E-01    0.159694E+00    0.258392E+00    0.444210E+00    0.534633E+00    0.716454E+00    0.128514E+01    0.145120E+01    0.150873E+01    0.155205E+01    0.165874E+01    0.186408E+01    0.190222E+01    0.203293E+01    0.214916E+01    0.230289E+01    0.236323E+01    0.264489E+01    0.504632E+01    0.504921E+01
    0.300000E+01   -0.158078E+01   -0.128538E+01   -0.111490E+01   -0.895065E+00   -0.454785E+00   -0.299742E+00   -0.123089E+00   -0.487207E-01    0.675064E-01    0.184400E+00    0.277819E+00    0.487142E+00    0.583324E+00    0.779719E+00    0.132868E+01    0.150918E+01    0.155199E+01    0.159486E+01    0.170385E+01    0.190605E+01    0.192542E+01    0.207998E+01    0.217617E+01    0.231742E+01    0.238849E+01    0.264916E+01    0.514425E+01    0.514702E+01
    0.310000E+01   -0.154147E+01   -0.125151E+01   -0.108988E+01   -0.871264E+00   -0.443178E+00   -0.287990E+00   -0.113939E+00   -0.333146E-01    0.811840E-01    0.208775E+00    0.297966E+00    0.521711E+00    0.641720E+00    0.843274E+00    0.137215E+01    0.156730E+01    0.159538E+01    0.163693E+01    0.174885E+01    0.193709E+01    0.195519E+01    0.213107E+01    0.219659E+01    0.233273E+01    0.242257E+01    0.265492E+01    0.524224E+01    0.524490E+01
    0.320000E+01   -0.150344E+01   -0.121842E+01   -0.106579E+01   -0.848392E+00   -0.431623E+00   -0.277158E+00   -0.105116E+00   -0.183595E-01    0.951894E-01    0.232867E+00    0.319137E+00    0.551957E+00    0.705375E+00    0.906984E+00    0.141547E+01    0.162500E+01    0.163900E+01    0.167813E+01    0.179370E+01    0.195564E+01    0.199603E+01    0.218004E+01    0.221451E+01    0.235018E+01    0.246281E+01    0.266317E+01    0.534028E+01    0.534283E+01
    0.330000E+01   -0.146671E+01   -0.118616E+01   -0.104259E+01   -0.826441E+00   -0.420117E+00   -0.267122E+00   -0.965635E-01   -0.385269E-02    0.109579E+00    0.256704E+00    0.341551E+00    0.580570E+00    0.771297E+00    0.970775E+00    0.145851E+01    0.167854E+01    0.168562E+01    0.171873E+01    0.183835E+01    0.197370E+01    0.203767E+01    0.221046E+01    0.224445E+01    0.237307E+01    0.250496E+01    0.267579E+01    0.543838E+01    0.544083E+01
    0.340000E+01   -0.143130E+01   -0.115476E+01   -0.102024E+01   -0.805398E+00   -0.408666E+00   -0.257782E+00   -0.882485E-01    0.102055E-01    0.124413E+00    0.280325E+00    0.365353E+00    0.608806E+00    0.838004E+00    0.103460E+01    0.150114E+01    0.172213E+01    0.173807E+01    0.176086E+01    0.188282E+01    0.199380E+01    0.207866E+01    0.222276E+01    0.228317E+01    0.240585E+01    0.254398E+01    0.269606E+01    0.553652E+01    0.553888E+01
    0.350000E+01   -0.139724E+01   -0.112428E+01   -0.998684E+00   -0.785246E+00   -0.397284E+00   -0.249059E+00   -0.801495E-01    0.238103E-01    0.139758E+00    0.303798E+00    0.390612E+00    0.637250E+00    0.904737E+00    0.109843E+01    0.154314E+01    0.176205E+01    0.178372E+01    0.181003E+01    0.192718E+01    0.201697E+01    0.211848E+01    0.223117E+01    0.231548E+01    0.245087E+01    0.257502E+01    0.272773E+01    0.563472E+01    0.563698E+01
    0.360000E+01   -0.136453E+01   -0.109477E+01   -0.977862E+00   -0.765967E+00   -0.385987E+00   -0.240888E+00   -0.722543E-01    0.369522E-01    0.155688E+00    0.327230E+00    0.417326E+00    0.666193E+00    0.971073E+00    0.116222E+01    0.158423E+01    0.179756E+01    0.182466E+01    0.186418E+01    0.197165E+01    0.204372E+01    0.215669E+01    0.223872E+01    0.234212E+01    0.250568E+01    0.259657E+01    0.277171E+01    0.573296E+01    0.573514E+01
    0.370000E+01   -0.133318E+01   -0.106630E+01   -0.957696E+00   -0.747540E+00   -0.374798E+00   -0.233215E+00   -0.645567E-01    0.496179E-01    0.172280E+00    0.350753E+00    0.445442E+00    0.695787E+00    0.103676E+01    0.122594E+01    0.162404E+01    0.182811E+01    0.186589E+01    0.191836E+01    0.201655E+01    0.207391E+01    0.219279E+01    0.224657E+01    0.236705E+01    0.256649E+01    0.261117E+01    0.282519E+01    0.583124E+01    0.583334E+01
    0.380000E+01   -0.130319E+01   -0.103894E+01   -0.938096E+00   -0.729941E+00   -0.363742E+00   -0.225995E+00   -0.570544E-01    0.617925E-01    0.189616E+00    0.374513E+00    0.474870E+00    0.726110E+00    0.110164E+01    0.128955E+01    0.166205E+01    0.185521E+01    0.190777E+01    0.197048E+01    0.206224E+01    0.210690E+01    0.222599E+01    0.225629E+01    0.239301E+01    0.262104E+01    0.263182E+01    0.288491E+01    0.592957E+01    0.593159E+01
    0.390000E+01   -0.127456E+01   -0.101279E+01   -0.918961E+00   -0.713145E+00   -0.352845E+00   -0.219187E+00   -0.497479E-01    0.734611E-01    0.207779E+00    0.398649E+00    0.505511E+00    0.757199E+00    0.116562E+01    0.135297E+01    0.169762E+01    0.188080E+01    0.194967E+01    0.201918E+01    0.210870E+01    0.214183E+01    0.225301E+01    0.227260E+01    0.242128E+01    0.263054E+01    0.269824E+01    0.294875E+01    0.602794E+01    0.602989E+01
    0.400000E+01   -0.124728E+01   -0.987939E+00   -0.900179E+00   -0.697124E+00   -0.342133E+00   -0.212759E+00   -0.426393E-01    0.846120E-01    0.226846E+00    0.423282E+00    0.537260E+00    0.789064E+00    0.122866E+01    0.141612E+01    0.173004E+01    0.190654E+01    0.199106E+01    0.206334E+01    0.215489E+01    0.217790E+01    0.227197E+01    0.230014E+01    0.245201E+01    0.263923E+01    0.276696E+01    0.301555E+01    0.612635E+01    0.612823E+01
    0.410000E+01   -0.122131E+01   -0.964481E+00   -0.881634E+00   -0.681850E+00   -0.331634E+00   -0.206680E+00   -0.357311E-01    0.952383E-01    0.246888E+00    0.448516E+00    0.570022E+00    0.821699E+00    0.129072E+01    0.147886E+01    0.175877E+01    0.193374E+01    0.203143E+01    0.210207E+01    0.219771E+01    0.221493E+01    0.229371E+01    0.233259E+01    0.248450E+01    0.264869E+01    0.283720E+01    0.308463E+01    0.622480E+01    0.622661E+01
    0.420000E+01   -0.119664E+01   -0.942504E+00   -0.863221E+00   -0.667295E+00   -0.321374E+00   -0.200923E+00   -0.290264E-01    0.105339E+00    0.267965E+00    0.474430E+00    0.603708E+00    0.855085E+00    0.135181E+01    0.154102E+01    0.178366E+01    0.196302E+01    0.207020E+01    0.213484E+01    0.223236E+01    0.225390E+01    0.232551E+01    0.236779E+01    0.251748E+01    0.266016E+01    0.290876E+01    0.315561E+01    0.632329E+01    0.632503E+01
    0.430000E+01   -0.117323E+01   -0.922064E+00   -0.844860E+00   -0.653429E+00   -0.311375E+00   -0.195463E+00   -0.225276E-01    0.114920E+00    0.290127E+00    0.501085E+00    0.638237E+00    0.889195E+00    0.141192E+01    0.160228E+01    0.180520E+01    0.199428E+01    0.210677E+01    0.216161E+01    0.225952E+01    0.229460E+01    0.236786E+01    0.240582E+01    0.254924E+01    0.267522E+01    0.298152E+01    0.322823E+01    0.642181E+01    0.642349E+01
    0.440000E+01   -0.115104E+01   -0.903169E+00   -0.826519E+00   -0.640221E+00   -0.301660E+00   -0.190280E+00   -0.162364E-01    0.123993E+00    0.313409E+00    0.528526E+00    0.673534E+00    0.923996E+00    0.147102E+01    0.166204E+01    0.182457E+01    0.202668E+01    0.214068E+01    0.218293E+01    0.228464E+01    0.233638E+01    0.241607E+01    0.244688E+01    0.257801E+01    0.269567E+01    0.305544E+01    0.330230E+01    0.652037E+01    0.652199E+01
    0.450000E+01   -0.113003E+01   -0.885771E+00   -0.808215E+00   -0.627643E+00   -0.292245E+00   -0.185355E+00   -0.101538E-01    0.132575E+00    0.337832E+00    0.556779E+00    0.709532E+00    0.959452E+00    0.152906E+01    0.171900E+01    0.184381E+01    0.205887E+01    0.217205E+01    0.219978E+01    0.231157E+01    0.237899E+01    0.246552E+01    0.249121E+01    0.260305E+01    0.272267E+01    0.313046E+01    0.337769E+01    0.661896E+01    0.662053E+01
    0.460000E+01   -0.111015E+01   -0.869775E+00   -0.790015E+00   -0.615664E+00   -0.283144E+00   -0.180668E+00   -0.427962E-02    0.140686E+00    0.363406E+00    0.585860E+00    0.746166E+00    0.995523E+00    0.158592E+01    0.177011E+01    0.186676E+01    0.208913E+01    0.220162E+01    0.221377E+01    0.234156E+01    0.242208E+01    0.251333E+01    0.253838E+01    0.262605E+01    0.275579E+01    0.320657E+01    0.345430E+01    0.671758E+01    0.671910E+01
    0.470000E+01   -0.109136E+01   -0.855050E+00   -0.772012E+00   -0.604256E+00   -0.274369E+00   -0.176204E+00    0.138741E-02    0.148350E+00    0.390129E+00    0.615775E+00    0.783374E+00    0.103217E+01    0.164130E+01    0.180999E+01    0.189956E+01    0.211576E+01    0.222218E+01    0.223518E+01    0.237411E+01    0.246516E+01    0.255871E+01    0.258519E+01    0.265171E+01    0.279351E+01    0.328374E+01    0.353203E+01    0.681624E+01    0.681770E+01
    0.480000E+01   -0.107359E+01   -0.841459E+00   -0.754308E+00   -0.593390E+00   -0.265924E+00   -0.171949E+00    0.684953E-02    0.155591E+00    0.417989E+00    0.646520E+00    0.821099E+00    0.106934E+01    0.169457E+01    0.183728E+01    0.194449E+01    0.213775E+01    0.223227E+01    0.226805E+01    0.240792E+01    0.250762E+01    0.260095E+01    0.262709E+01    0.268693E+01    0.283431E+01    0.336194E+01    0.361080E+01    0.691492E+01    0.691633E+01
    0.490000E+01   -0.105681E+01   -0.828864E+00   -0.736999E+00   -0.583038E+00   -0.257813E+00   -0.167888E+00    0.121100E-01    0.162435E+00    0.446964E+00    0.678084E+00    0.859283E+00    0.110700E+01    0.174422E+01    0.185874E+01    0.199631E+01    0.215535E+01    0.224092E+01    0.230465E+01    0.244135E+01    0.254874E+01    0.263758E+01    0.266683E+01    0.273339E+01    0.287712E+01    0.344115E+01    0.369056E+01    0.701363E+01    0.701500E+01
    0.500000E+01   -0.104096E+01   -0.817147E+00   -0.720161E+00   -0.573173E+00   -0.250036E+00   -0.164010E+00    0.171729E-01    0.168907E+00    0.477025E+00    0.710450E+00    0.897869E+00    0.114511E+01    0.178700E+01    0.188228E+01    0.204990E+01    0.216987E+01    0.224926E+01    0.234414E+01    0.247266E+01    0.258788E+01    0.267035E+01    0.270980E+01    0.278589E+01    0.292127E+01    0.352135E+01    0.377123E+01    0.711237E+01    0.711370E+01
    0.510000E+01   -0.102599E+01   -0.806201E+00   -0.703853E+00   -0.563770E+00   -0.242590E+00   -0.160302E+00    0.220431E-01    0.175031E+00    0.508137E+00    0.743596E+00    0.936802E+00    0.118361E+01    0.181853E+01    0.191441E+01    0.210144E+01    0.218366E+01    0.225825E+01    0.238578E+01    0.250014E+01    0.262528E+01    0.270493E+01    0.275507E+01    0.284080E+01    0.296637E+01    0.360251E+01    0.385275E+01    0.721114E+01    0.721242E+01
    0.520000E+01   -0.101184E+01   -0.795939E+00   -0.688116E+00   -0.554803E+00   -0.235467E+00   -0.156754E+00    0.267259E-01    0.180829E+00    0.540260E+00    0.777498E+00    0.976022E+00    0.122245E+01    0.183880E+01    0.195603E+01    0.214440E+01    0.220162E+01    0.226981E+01    0.242898E+01    0.252269E+01    0.266235E+01    0.274347E+01    0.280140E+01    0.289665E+01    0.301215E+01    0.368459E+01    0.393509E+01    0.730994E+01    0.731118E+01
    0.530000E+01   -0.998469E+00   -0.786289E+00   -0.672974E+00   -0.546249E+00   -0.228662E+00   -0.153357E+00    0.312273E-01    0.186326E+00    0.573350E+00    0.812127E+00    0.101547E+01    0.126161E+01    0.185228E+01    0.200302E+01    0.216964E+01    0.222808E+01    0.228927E+01    0.247329E+01    0.254028E+01    0.270063E+01    0.278536E+01    0.284831E+01    0.295283E+01    0.305845E+01    0.376756E+01    0.401819E+01    0.740876E+01    0.740996E+01
    0.540000E+01   -0.985831E+00   -0.777187E+00   -0.658440E+00   -0.538084E+00   -0.222164E+00   -0.150101E+00    0.355535E-01    0.191540E+00    0.607360E+00    0.847454E+00    0.105509E+01    0.130101E+01    0.186246E+01    0.205196E+01    0.218175E+01    0.225096E+01    0.232469E+01    0.251838E+01    0.255375E+01    0.274079E+01    0.282950E+01    0.289558E+01    0.300907E+01    0.310515E+01    0.385138E+01    0.410200E+01    0.750760E+01    0.750877E+01
    0.550000E+01   -0.973878E+00   -0.768582E+00   -0.644514E+00   -0.530289E+00   -0.215962E+00   -0.146979E+00    0.397109E-01    0.196491E+00    0.642242E+00    0.883448E+00    0.109481E+01    0.134061E+01    0.187105E+01    0.210086E+01    0.218897E+01    0.226611E+01    0.237275E+01    0.256200E+01    0.256627E+01    0.278272E+01    0.287507E+01    0.294313E+01    0.306521E+01    0.315217E+01    0.393602E+01    0.418648E+01    0.760647E+01    0.760760E+01
    0.560000E+01   -0.962568E+00   -0.760430E+00   -0.631190E+00   -0.522841E+00   -0.210045E+00   -0.143982E+00    0.437062E-01    0.201198E+00    0.677945E+00    0.920074E+00    0.113456E+01    0.138036E+01    0.187886E+01    0.214792E+01    0.219420E+01    0.227964E+01    0.242565E+01    0.257221E+01    0.261067E+01    0.282607E+01    0.292156E+01    0.299089E+01    0.312120E+01    0.319946E+01    0.402144E+01    0.427160E+01    0.770536E+01    0.770646E+01
    0.570000E+01   -0.951860E+00   -0.752692E+00   -0.618457E+00   -0.515722E+00   -0.204401E+00   -0.141103E+00    0.475460E-01    0.205676E+00    0.714422E+00    0.957302E+00    0.117427E+01    0.142020E+01    0.188636E+01    0.219028E+01    0.219852E+01    0.229646E+01    0.247978E+01    0.257966E+01    0.265726E+01    0.287051E+01    0.296869E+01    0.303881E+01    0.317697E+01    0.324698E+01    0.410761E+01    0.435732E+01    0.780428E+01    0.780534E+01
    0.580000E+01   -0.941715E+00   -0.745335E+00   -0.606299E+00   -0.508913E+00   -0.199017E+00   -0.138336E+00    0.512368E-01    0.209941E+00    0.751621E+00    0.995096E+00    0.121383E+01    0.146005E+01    0.189385E+01    0.220181E+01    0.222424E+01    0.232154E+01    0.253225E+01    0.258831E+01    0.270420E+01    0.291576E+01    0.301626E+01    0.308688E+01    0.323251E+01    0.329468E+01    0.419447E+01    0.444361E+01    0.790322E+01    0.790425E+01
    0.590000E+01   -0.932098E+00   -0.738331E+00   -0.594697E+00   -0.502397E+00   -0.193881E+00   -0.135674E+00    0.547851E-01    0.214008E+00    0.789495E+00    0.103342E+01    0.125317E+01    0.149986E+01    0.190155E+01    0.220493E+01    0.224691E+01    0.235742E+01    0.257095E+01    0.261017E+01    0.275141E+01    0.296163E+01    0.306416E+01    0.313507E+01    0.328781E+01    0.334255E+01    0.428200E+01    0.453044E+01    0.800217E+01    0.800317E+01
    0.600000E+01   -0.922975E+00   -0.731653E+00   -0.583628E+00   -0.496158E+00   -0.188980E+00   -0.133112E+00    0.581975E-01    0.217888E+00    0.827996E+00    0.107225E+01    0.129216E+01    0.153954E+01    0.190966E+01    0.220774E+01    0.226169E+01    0.240117E+01    0.258365E+01    0.265745E+01    0.279883E+01    0.300799E+01    0.311231E+01    0.318337E+01    0.334286E+01    0.339056E+01    0.437016E+01    0.461777E+01    0.810115E+01    0.810212E+01
    0.610000E+01   -0.914313E+00   -0.725278E+00   -0.573072E+00   -0.490180E+00   -0.184301E+00   -0.130645E+00    0.614799E-01    0.221595E+00    0.867076E+00    0.111155E+01    0.133068E+01    0.157900E+01    0.191837E+01    0.221032E+01    0.227254E+01    0.244895E+01    0.258903E+01    0.271153E+01    0.284645E+01    0.305473E+01    0.316066E+01    0.323175E+01    0.339766E+01    0.343871E+01    0.445891E+01    0.470559E+01    0.820015E+01    0.820109E+01
    0.620000E+01   -0.906083E+00   -0.719187E+00   -0.563005E+00   -0.484450E+00   -0.179834E+00   -0.128266E+00    0.646385E-01    0.225139E+00    0.906690E+00    0.115127E+01    0.136857E+01    0.161813E+01    0.192786E+01    0.221274E+01    0.228167E+01    0.249865E+01    0.259276E+01    0.276679E+01    0.289422E+01    0.310178E+01    0.320917E+01    0.328022E+01    0.345221E+01    0.348698E+01    0.454822E+01    0.479385E+01    0.829917E+01    0.830009E+01
    0.630000E+01   -0.898258E+00   -0.713359E+00   -0.553404E+00   -0.478952E+00   -0.175566E+00   -0.125973E+00    0.676791E-01    0.228531E+00    0.946795E+00    0.119140E+01    0.140566E+01    0.165683E+01    0.193836E+01    0.221506E+01    0.229015E+01    0.254932E+01    0.259582E+01    0.282230E+01    0.294213E+01    0.314908E+01    0.325782E+01    0.332877E+01    0.350651E+01    0.353538E+01    0.463805E+01    0.488255E+01    0.839821E+01    0.839910E+01
    0.640000E+01   -0.890811E+00   -0.707779E+00   -0.544246E+00   -0.473676E+00   -0.171487E+00   -0.123760E+00    0.706071E-01    0.231779E+00    0.987347E+00    0.123190E+01    0.144177E+01    0.169497E+01    0.195007E+01    0.221730E+01    0.229859E+01    0.259849E+01    0.260050E+01    0.287782E+01    0.299017E+01    0.319659E+01    0.330658E+01    0.337738E+01    0.356055E+01    0.358391E+01    0.472839E+01    0.497166E+01    0.849726E+01    0.849813E+01
    0.650000E+01   -0.883719E+00   -0.702431E+00   -0.535509E+00   -0.468608E+00   -0.167585E+00   -0.121624E+00    0.734280E-01    0.234893E+00    0.102830E+01    0.127272E+01    0.147666E+01    0.173239E+01    0.196324E+01    0.221950E+01    0.230734E+01    0.260093E+01    0.265196E+01    0.293324E+01    0.303831E+01    0.324429E+01    0.335544E+01    0.342605E+01    0.361431E+01    0.363261E+01    0.481919E+01    0.506116E+01    0.859634E+01    0.859718E+01
    0.660000E+01   -0.876959E+00   -0.697301E+00   -0.527170E+00   -0.463738E+00   -0.163852E+00   -0.119560E+00    0.761469E-01    0.237881E+00    0.106963E+01    0.131384E+01    0.151012E+01    0.176895E+01    0.197810E+01    0.222169E+01    0.231671E+01    0.260320E+01    0.270356E+01    0.298853E+01    0.308656E+01    0.329214E+01    0.340438E+01    0.347478E+01    0.366770E+01    0.368154E+01    0.491042E+01    0.515102E+01    0.869543E+01    0.869624E+01
    0.670000E+01   -0.870511E+00   -0.692376E+00   -0.519209E+00   -0.459056E+00   -0.160278E+00   -0.117565E+00    0.787684E-01    0.240750E+00    0.111127E+01    0.135522E+01    0.154188E+01    0.180451E+01    0.199488E+01    0.222389E+01    0.232696E+01    0.260536E+01    0.275523E+01    0.304366E+01    0.313489E+01    0.334013E+01    0.345340E+01    0.352356E+01    0.372056E+01    0.373089E+01    0.500208E+01    0.524124E+01    0.879454E+01    0.879533E+01
    0.680000E+01   -0.864355E+00   -0.687644E+00   -0.511605E+00   -0.454550E+00   -0.156853E+00   -0.115635E+00    0.812974E-01    0.243507E+00    0.115320E+01    0.139680E+01    0.157174E+01    0.183890E+01    0.201375E+01    0.222614E+01    0.233834E+01    0.260745E+01    0.280694E+01    0.309863E+01    0.318331E+01    0.338823E+01    0.350249E+01    0.357239E+01    0.377250E+01    0.378104E+01    0.509412E+01    0.533179E+01    0.889366E+01    0.889443E+01
    0.690000E+01   -0.858473E+00   -0.683094E+00   -0.504338E+00   -0.450213E+00   -0.153570E+00   -0.113768E+00    0.837381E-01    0.246158E+00    0.119538E+01    0.143853E+01    0.159950E+01    0.187203E+01    0.203480E+01    0.222845E+01    0.235111E+01    0.260951E+01    0.285864E+01    0.315343E+01    0.323179E+01    0.343644E+01    0.355163E+01    0.362126E+01    0.382319E+01    0.383234E+01    0.518652E+01    0.542265E+01    0.899280E+01    0.899355E+01
    0.700000E+01   -0.852849E+00   -0.678716E+00   -0.497391E+00   -0.446036E+00   -0.150420E+00   -0.111961E+00    0.860948E-01    0.248709E+00    0.123775E+01    0.148034E+01    0.162506E+01    0.190377E+01    0.205805E+01    0.223085E+01    0.236556E+01    0.261155E+01    0.291033E+01    0.320806E+01    0.328035E+01    0.348474E+01    0.360083E+01    0.367017E+01    0.387293E+01    0.388448E+01    0.527928E+01    0.551382E+01    0.909196E+01    0.909269E+01
    0.710000E+01   -0.847467E+00   -0.674501E+00   -0.490746E+00   -0.442009E+00   -0.147396E+00   -0.110211E+00    0.883713E-01    0.251167E+00    0.128029E+01    0.152212E+01    0.164842E+01    0.193402E+01    0.208340E+01    0.223339E+01    0.238194E+01    0.261361E+01    0.296199E+01    0.326253E+01    0.332897E+01    0.353313E+01    0.365007E+01    0.371912E+01    0.392224E+01    0.393696E+01    0.537235E+01    0.560528E+01    0.919113E+01    0.919184E+01
    0.720000E+01   -0.842314E+00   -0.670440E+00   -0.484386E+00   -0.438127E+00   -0.144491E+00   -0.108515E+00    0.905714E-01    0.253535E+00    0.132293E+01    0.156366E+01    0.166976E+01    0.196266E+01    0.211073E+01    0.223610E+01    0.240050E+01    0.261571E+01    0.301362E+01    0.331684E+01    0.337764E+01    0.358159E+01    0.369936E+01    0.376811E+01    0.397137E+01    0.398951E+01    0.546573E+01    0.569700E+01    0.929031E+01    0.929100E+01
    0.730000E+01   -0.837375E+00   -0.666524E+00   -0.478295E+00   -0.434380E+00   -0.141699E+00   -0.106871E+00    0.926987E-01    0.255818E+00    0.136564E+01    0.160458E+01    0.168954E+01    0.198951E+01    0.213987E+01    0.223906E+01    0.242144E+01    0.261788E+01    0.306520E+01    0.337100E+01    0.342638E+01    0.363013E+01    0.374869E+01    0.381713E+01    0.402044E+01    0.404205E+01    0.555940E+01    0.578900E+01    0.938951E+01    0.939019E+01
    0.740000E+01   -0.832638E+00   -0.662747E+00   -0.472460E+00   -0.430764E+00   -0.139014E+00   -0.105276E+00    0.947564E-01    0.258022E+00    0.140836E+01    0.164392E+01    0.170885E+01    0.201437E+01    0.217065E+01    0.224237E+01    0.244488E+01    0.262015E+01    0.311675E+01    0.342500E+01    0.347516E+01    0.367872E+01    0.379805E+01    0.386618E+01    0.406949E+01    0.409452E+01    0.565333E+01    0.588124E+01    0.948872E+01    0.948938E+01
    0.750000E+01   -0.828092E+00   -0.659100E+00   -0.466864E+00   -0.427271E+00   -0.136429E+00   -0.103729E+00    0.967478E-01    0.260150E+00    0.145102E+01    0.167919E+01    0.173037E+01    0.203705E+01    0.220268E+01    0.224642E+01    0.247087E+01    0.262255E+01    0.316825E+01    0.347886E+01    0.352399E+01    0.372738E+01    0.384745E+01    0.391527E+01    0.411855E+01    0.414691E+01    0.574753E+01    0.597372E+01    0.958795E+01    0.958859E+01
    0.760000E+01   -0.823726E+00   -0.655579E+00   -0.461497E+00   -0.423896E+00   -0.133940E+00   -0.102227E+00    0.986759E-01    0.262206E+00    0.149355E+01    0.170607E+01    0.175860E+01    0.205745E+01    0.223343E+01    0.225372E+01    0.249933E+01    0.262512E+01    0.321970E+01    0.353257E+01    0.357287E+01    0.377609E+01    0.389689E+01    0.396438E+01    0.416761E+01    0.419921E+01    0.584196E+01    0.606643E+01    0.968719E+01    0.968782E+01
    0.770000E+01   -0.819529E+00   -0.652175E+00   -0.456345E+00   -0.420632E+00   -0.131541E+00   -0.100768E+00    0.100543E+00    0.264193E+00    0.153584E+01    0.172412E+01    0.179421E+01    0.207556E+01    0.224871E+01    0.227843E+01    0.253009E+01    0.262794E+01    0.327112E+01    0.358615E+01    0.362180E+01    0.382485E+01    0.394635E+01    0.401351E+01    0.421669E+01    0.425143E+01    0.593662E+01    0.615935E+01    0.978644E+01    0.978705E+01
    0.780000E+01   -0.815494E+00   -0.648885E+00   -0.451397E+00   -0.417475E+00   -0.129228E+00   -0.993507E-01    0.102353E+00    0.266116E+00    0.157776E+01    0.173717E+01    0.183356E+01    0.209149E+01    0.225476E+01    0.231425E+01    0.256286E+01    0.263114E+01    0.332249E+01    0.363959E+01    0.367077E+01    0.387365E+01    0.399583E+01    0.406267E+01    0.426579E+01    0.430356E+01    0.603150E+01    0.625249E+01    0.988571E+01    0.988630E+01
    0.790000E+01   -0.811610E+00   -0.645701E+00   -0.446642E+00   -0.414420E+00   -0.126997E+00   -0.979734E-01    0.104108E+00    0.267976E+00    0.161909E+01    0.174780E+01    0.187433E+01    0.210543E+01    0.226018E+01    0.235255E+01    0.259700E+01    0.263520E+01    0.337381E+01    0.369290E+01    0.371979E+01    0.392250E+01    0.404535E+01    0.411186E+01    0.431491E+01    0.435561E+01    0.612658E+01    0.634582E+01    0.998499E+01    0.998557E+01
    0.800000E+01   -0.807870E+00   -0.642620E+00   -0.442069E+00   -0.411462E+00   -0.124842E+00   -0.966342E-01    0.105809E+00    0.269778E+00    0.165945E+01    0.175730E+01    0.191555E+01    0.211762E+01    0.226597E+01    0.239224E+01    0.262770E+01    0.264474E+01    0.342510E+01    0.374607E+01    0.376887E+01    0.397139E+01    0.409489E+01    0.416107E+01    0.436406E+01    0.440758E+01    0.622185E+01    0.643935E+01    0.100843E+02    0.100848E+02
    0.810000E+01   -0.804266E+00   -0.639636E+00   -0.437670E+00   -0.408597E+00   -0.122761E+00   -0.953316E-01    0.107460E+00    0.271523E+00    0.169794E+01    0.176695E+01    0.195676E+01    0.212832E+01    0.227245E+01    0.243298E+01    0.263853E+01    0.267606E+01    0.347635E+01    0.379910E+01    0.381800E+01    0.402032E+01    0.414445E+01    0.421030E+01    0.441322E+01    0.445947E+01    0.631730E+01    0.653306E+01    0.101836E+02    0.101841E+02
    0.820000E+01   -0.800791E+00   -0.636745E+00   -0.433435E+00   -0.405819E+00   -0.120750E+00   -0.940642E-01    0.109063E+00    0.273215E+00    0.173185E+01    0.177956E+01    0.199765E+01    0.213780E+01    0.227986E+01    0.247452E+01    0.264398E+01    0.271459E+01    0.352755E+01    0.385198E+01    0.386722E+01    0.406929E+01    0.419403E+01    0.425955E+01    0.446241E+01    0.451129E+01    0.641293E+01    0.662694E+01    0.102829E+02    0.102834E+02
    0.830000E+01   -0.797439E+00   -0.633943E+00   -0.429356E+00   -0.403127E+00   -0.118804E+00   -0.928306E-01    0.110619E+00    0.274856E+00    0.175498E+01    0.180133E+01    0.203788E+01    0.214639E+01    0.228845E+01    0.251661E+01    0.264952E+01    0.275487E+01    0.357872E+01    0.390466E+01    0.391656E+01    0.411828E+01    0.424363E+01    0.430882E+01    0.451161E+01    0.456304E+01    0.650872E+01    0.672099E+01    0.103822E+02    0.103827E+02
    0.840000E+01   -0.794203E+00   -0.631225E+00   -0.425424E+00   -0.400515E+00   -0.116922E+00   -0.916295E-01    0.112131E+00    0.276447E+00    0.176693E+01    0.183255E+01    0.207695E+01    0.215455E+01    0.229848E+01    0.255886E+01    0.265601E+01    0.279626E+01    0.362986E+01    0.395706E+01    0.396610E+01    0.416731E+01    0.429325E+01    0.435811E+01    0.456084E+01    0.461473E+01    0.660466E+01    0.681521E+01    0.104816E+02    0.104821E+02
    0.850000E+01   -0.791077E+00   -0.628589E+00   -0.421633E+00   -0.397980E+00   -0.115101E+00   -0.904595E-01    0.113600E+00    0.277993E+00    0.177406E+01    0.186669E+01    0.211362E+01    0.216346E+01    0.231029E+01    0.260030E+01    0.266457E+01    0.283853E+01    0.368096E+01    0.400898E+01    0.401607E+01    0.421637E+01    0.434288E+01    0.440742E+01    0.461008E+01    0.466635E+01    0.670075E+01    0.690958E+01    0.105809E+02    0.105814E+02
    0.860000E+01   -0.788057E+00   -0.626030E+00   -0.417975E+00   -0.395520E+00   -0.113336E+00   -0.893196E-01    0.115028E+00    0.279493E+00    0.177930E+01    0.190058E+01    0.214341E+01    0.217746E+01    0.232422E+01    0.263738E+01    0.267887E+01    0.288152E+01    0.373202E+01    0.406009E+01    0.406677E+01    0.426546E+01    0.439254E+01    0.445675E+01    0.465935E+01    0.471791E+01    0.679698E+01    0.700410E+01    0.106803E+02    0.106807E+02
    0.870000E+01   -0.785136E+00   -0.623545E+00   -0.414444E+00   -0.393130E+00   -0.111626E+00   -0.882086E-01    0.116417E+00    0.280951E+00    0.178359E+01    0.193300E+01    0.215927E+01    0.220350E+01    0.234063E+01    0.266160E+01    0.270757E+01    0.292513E+01    0.378306E+01    0.411036E+01    0.411825E+01    0.431457E+01    0.444221E+01    0.450609E+01    0.470863E+01    0.476942E+01    0.689334E+01    0.709876E+01    0.107796E+02    0.107801E+02
    0.880000E+01   -0.782310E+00   -0.621131E+00   -0.411034E+00   -0.390808E+00   -0.109968E+00   -0.871254E-01    0.117769E+00    0.282368E+00    0.178727E+01    0.196333E+01    0.216705E+01    0.223563E+01    0.235977E+01    0.267615E+01    0.274770E+01    0.296928E+01    0.383406E+01    0.416012E+01    0.417019E+01    0.436371E+01    0.449189E+01    0.455545E+01    0.475793E+01    0.482087E+01    0.698983E+01    0.719357E+01    0.108790E+02    0.108795E+02
    0.890000E+01   -0.779575E+00   -0.618786E+00   -0.407739E+00   -0.388552E+00   -0.108360E+00   -0.860689E-01    0.119084E+00    0.283745E+00    0.179051E+01    0.199111E+01    0.217235E+01    0.226821E+01    0.238172E+01    0.268912E+01    0.279140E+01    0.301388E+01    0.388504E+01    0.420966E+01    0.422229E+01    0.441288E+01    0.454159E+01    0.460482E+01    0.480725E+01    0.487227E+01    0.708644E+01    0.728850E+01    0.109784E+02    0.109788E+02
    0.900000E+01   -0.776927E+00   -0.616505E+00   -0.404553E+00   -0.386357E+00   -0.106800E+00   -0.850383E-01    0.120364E+00    0.285085E+00    0.179341E+01    0.201609E+01    0.217661E+01    0.229989E+01    0.240631E+01    0.270312E+01    0.283639E+01    0.305889E+01    0.393598E+01    0.425909E+01    0.427443E+01    0.446207E+01    0.459130E+01    0.465421E+01    0.485658E+01    0.492362E+01    0.718316E+01    0.738356E+01    0.110778E+02    0.110782E+02
    0.910000E+01   -0.774361E+00   -0.614288E+00   -0.401471E+00   -0.384223E+00   -0.105285E+00   -0.840326E-01    0.121611E+00    0.286389E+00    0.179604E+01    0.203815E+01    0.218026E+01    0.233036E+01    0.243318E+01    0.271910E+01    0.288205E+01    0.310424E+01    0.398690E+01    0.430849E+01    0.432657E+01    0.451128E+01    0.464103E+01    0.470361E+01    0.490593E+01    0.497493E+01    0.727999E+01    0.747875E+01    0.111772E+02    0.111776E+02
    0.920000E+01   -0.771873E+00   -0.612130E+00   -0.398489E+00   -0.382146E+00   -0.103814E+00   -0.830509E-01    0.122826E+00    0.287658E+00    0.179844E+01    0.205732E+01    0.218348E+01    0.235946E+01    0.246192E+01    0.273762E+01    0.292814E+01    0.314992E+01    0.403779E+01    0.435786E+01    0.437867E+01    0.456051E+01    0.469076E+01    0.475303E+01    0.495530E+01    0.502619E+01    0.737693E+01    0.757405E+01    0.112766E+02    0.112770E+02
    0.930000E+01   -0.769461E+00   -0.610030E+00   -0.395601E+00   -0.380124E+00   -0.102384E+00   -0.820924E-01    0.124010E+00    0.288894E+00    0.180064E+01    0.207380E+01    0.218637E+01    0.238688E+01    0.249231E+01    0.275904E+01    0.297456E+01    0.319587E+01    0.408866E+01    0.440723E+01    0.443073E+01    0.460976E+01    0.474051E+01    0.480246E+01    0.500468E+01    0.507740E+01    0.747396E+01    0.766947E+01    0.113760E+02    0.113764E+02
    0.940000E+01   -0.767121E+00   -0.607985E+00   -0.392804E+00   -0.378155E+00   -0.100994E+00   -0.811562E-01    0.125164E+00    0.290098E+00    0.180267E+01    0.208785E+01    0.218899E+01    0.241213E+01    0.252434E+01    0.278357E+01    0.302124E+01    0.324206E+01    0.413950E+01    0.445661E+01    0.448274E+01    0.465903E+01    0.479027E+01    0.485190E+01    0.505407E+01    0.512858E+01    0.757109E+01    0.776500E+01    0.114754E+02    0.114759E+02
    0.950000E+01   -0.764849E+00   -0.605994E+00   -0.390094E+00   -0.376238E+00   -0.996426E-01   -0.802416E-01    0.126289E+00    0.291272E+00    0.180455E+01    0.209979E+01    0.219138E+01    0.243474E+01    0.255814E+01    0.281122E+01    0.306814E+01    0.328849E+01    0.419032E+01    0.450599E+01    0.453470E+01    0.470832E+01    0.484004E+01    0.490136E+01    0.510348E+01    0.517972E+01    0.766831E+01    0.786064E+01    0.115749E+02    0.115753E+02
    0.960000E+01   -0.762643E+00   -0.604054E+00   -0.387466E+00   -0.374369E+00   -0.983277E-01   -0.793479E-01    0.127387E+00    0.292415E+00    0.180630E+01    0.210995E+01    0.219357E+01    0.245443E+01    0.259383E+01    0.284183E+01    0.311523E+01    0.333511E+01    0.424112E+01    0.455538E+01    0.458661E+01    0.475763E+01    0.488982E+01    0.495082E+01    0.515290E+01    0.523083E+01    0.776561E+01    0.795637E+01    0.116743E+02    0.116747E+02
    0.970000E+01   -0.760500E+00   -0.602164E+00   -0.384918E+00   -0.372547E+00   -0.970481E-01   -0.784743E-01    0.128458E+00    0.293531E+00    0.180793E+01    0.211861E+01    0.219559E+01    0.247122E+01    0.263136E+01    0.287515E+01    0.316249E+01    0.338191E+01    0.429189E+01    0.460477E+01    0.463847E+01    0.480696E+01    0.493961E+01    0.500030E+01    0.520234E+01    0.528190E+01    0.786300E+01    0.805221E+01    0.117738E+02    0.117742E+02
    0.980000E+01   -0.758418E+00   -0.600320E+00   -0.382445E+00   -0.370771E+00   -0.958022E-01   -0.776202E-01    0.129504E+00    0.294619E+00    0.180945E+01    0.212602E+01    0.219746E+01    0.248536E+01    0.267057E+01    0.291081E+01    0.320990E+01    0.342889E+01    0.434265E+01    0.465418E+01    0.469028E+01    0.485630E+01    0.498941E+01    0.504979E+01    0.525178E+01    0.533293E+01    0.796046E+01    0.814814E+01    0.118733E+02    0.118736E+02
    0.990000E+01   -0.756393E+00   -0.598523E+00   -0.380045E+00   -0.369038E+00   -0.945887E-01   -0.767850E-01    0.130524E+00    0.295680E+00    0.181088E+01    0.213240E+01    0.219920E+01    0.249721E+01    0.271121E+01    0.294848E+01    0.325744E+01    0.347601E+01    0.439338E+01    0.470360E+01    0.474204E+01    0.490566E+01    0.503922E+01    0.509929E+01    0.530124E+01    0.538393E+01    0.805800E+01    0.824417E+01    0.119727E+02    0.119731E+02
    0.100000E+02   -0.754423E+00   -0.596770E+00   -0.377714E+00   -0.367348E+00   -0.934065E-01   -0.759680E-01    0.131521E+00    0.296716E+00    0.181222E+01    0.213794E+01    0.220082E+01    0.250715E+01    0.275307E+01    0.298782E+01    0.330510E+01    0.352327E+01    0.444410E+01    0.475303E+01    0.479375E+01    0.495503E+01    0.508903E+01    0.514880E+01    0.535071E+01    0.543491E+01    0.815561E+01    0.834028E+01    0.120722E+02    0.120726E+02
