    0.000000E+00    0.000000E+00    0.000000E+00    0.000000E+00    0.000000E+00
    0.100000E+00    0.222902E-04    0.283816E-04    0.274642E-05    0.883785E-05
    0.200000E+00    0.474191E-04    0.606378E-04    0.485137E-05    0.180701E-04
    0.300000E+00    0.752544E-04    0.967173E-04    0.588285E-05    0.273458E-04
    0.400000E+00    0.105349E-03    0.136202E-03    0.527426E-05    0.361273E-04
    0.500000E+00    0.136753E-03    0.178063E-03    0.233254E-05    0.436429E-04
    0.600000E+00    0.167738E-03    0.220287E-03    0.369074E-05    0.488582E-04
    0.700000E+00    0.195419E-03    0.259322E-03    0.133924E-04    0.505107E-04
    0.800000E+00    0.215248E-03    0.289280E-03    0.267445E-04    0.472871E-04
    0.900000E+00    0.220417E-03    0.300847E-03    0.421445E-04    0.382856E-04
    0.100000E+01    0.201264E-03    0.279936E-03    0.546958E-04    0.239765E-04
    0.110000E+01    0.145106E-03    0.206494E-03    0.534740E-04    0.791444E-05
    0.120000E+01    0.376109E-04    0.550120E-04    0.182023E-04    0.801293E-06
    0.130000E+01    0.132082E-03    0.199557E-03    0.818457E-04    0.143712E-04
    0.140000E+01    0.361737E-03    0.567341E-03    0.280308E-03    0.747039E-04
    0.150000E+01    0.630072E-03    0.103032E-02    0.596020E-03    0.195771E-03
    0.160000E+01    0.906953E-03    0.155162E-02    0.102248E-02    0.377811E-03
    0.170000E+01    0.117073E-02    0.210057E-02    0.153862E-02    0.608778E-03
    0.180000E+01    0.141354E-02    0.266432E-02    0.212492E-02    0.874141E-03
    0.190000E+01    0.163621E-02    0.324324E-02    0.276951E-02    0.116248E-02
    0.200000E+01    0.184269E-02    0.384345E-02    0.346695E-02    0.146618E-02
    0.210000E+01    0.203713E-02    0.447239E-02    0.421559E-02    0.178033E-02
    0.220000E+01    0.222287E-02    0.513674E-02    0.501553E-02    0.210165E-02
    0.230000E+01    0.240221E-02    0.584178E-02    0.586723E-02    0.242766E-02
    0.240000E+01    0.257654E-02    0.659110E-02    0.677079E-02    0.275623E-02
    0.250000E+01    0.274644E-02    0.738656E-02    0.772538E-02    0.308527E-02
    0.260000E+01    0.291192E-02    0.822818E-02    0.872886E-02    0.341260E-02
    0.270000E+01    0.307246E-02    0.911414E-02    0.977753E-02    0.373586E-02
    0.280000E+01    0.322718E-02    0.100406E-01    0.108658E-01    0.405243E-02
    0.290000E+01    0.337489E-02    0.110016E-01    0.119861E-01    0.435947E-02
    0.300000E+01    0.351416E-02    0.119889E-01    0.131286E-01    0.465386E-02
    0.310000E+01    0.364336E-02    0.129918E-01    0.142806E-01    0.493219E-02
    0.320000E+01    0.376072E-02    0.139970E-01    0.154271E-01    0.519078E-02
    0.330000E+01    0.386438E-02    0.149886E-01    0.165498E-01    0.542564E-02
    0.340000E+01    0.395238E-02    0.159476E-01    0.176277E-01    0.563249E-02
    0.350000E+01    0.402280E-02    0.168524E-01    0.186364E-01    0.580679E-02
    0.360000E+01    0.407378E-02    0.176793E-01    0.195494E-01    0.594387E-02
    0.370000E+01    0.410369E-02    0.184028E-01    0.203382E-01    0.603907E-02
    0.380000E+01    0.411131E-02    0.189981E-01    0.209749E-01    0.608815E-02
    0.390000E+01    0.409604E-02    0.194425E-01    0.214342E-01    0.608778E-02
    0.400000E+01    0.405817E-02    0.197190E-01    0.216969E-01    0.603611E-02
    0.410000E+01    0.399901E-02    0.198189E-01    0.217533E-01    0.593346E-02
    0.420000E+01    0.392093E-02    0.197439E-01    0.216056E-01    0.578266E-02
    0.430000E+01    0.382723E-02    0.195065E-01    0.212684E-01    0.558909E-02
    0.440000E+01    0.372178E-02    0.191282E-01    0.207667E-01    0.536023E-02
    0.450000E+01    0.360861E-02    0.186366E-01    0.201328E-01    0.510482E-02
    0.460000E+01    0.349149E-02    0.180613E-01    0.194017E-01    0.483190E-02
    0.470000E+01    0.337367E-02    0.174307E-01    0.186070E-01    0.455000E-02
    0.480000E+01    0.325772E-02    0.167698E-01    0.177786E-01    0.426651E-02
    0.490000E+01    0.314552E-02    0.160990E-01    0.169409E-01    0.398741E-02
    0.500000E+01    0.303834E-02    0.154339E-01    0.161127E-01    0.371720E-02
    0.510000E+01    0.293690E-02    0.147857E-01    0.153078E-01    0.345903E-02
    0.520000E+01    0.284156E-02    0.141620E-01    0.145353E-01    0.321491E-02
    0.530000E+01    0.275238E-02    0.135675E-01    0.138010E-01    0.298592E-02
    0.540000E+01    0.266923E-02    0.130046E-01    0.131078E-01    0.277244E-02
    0.550000E+01    0.259182E-02    0.124742E-01    0.124568E-01    0.257436E-02
    0.560000E+01    0.251983E-02    0.119762E-01    0.118475E-01    0.239119E-02
    0.570000E+01    0.245287E-02    0.115094E-01    0.112788E-01    0.222224E-02
    0.580000E+01    0.239055E-02    0.110726E-01    0.107488E-01    0.206668E-02
    0.590000E+01    0.233248E-02    0.106640E-01    0.102552E-01    0.192360E-02
    0.600000E+01    0.227829E-02    0.102819E-01    0.979564E-02    0.179207E-02
    0.610000E+01    0.222763E-02    0.992424E-02    0.936781E-02    0.167120E-02
    0.620000E+01    0.218018E-02    0.958936E-02    0.896929E-02    0.156010E-02
    0.630000E+01    0.213563E-02    0.927550E-02    0.859781E-02    0.145795E-02
    0.640000E+01    0.209372E-02    0.898099E-02    0.825124E-02    0.136398E-02
    0.650000E+01    0.205421E-02    0.870430E-02    0.792755E-02    0.127746E-02
    0.660000E+01    0.201686E-02    0.844400E-02    0.762489E-02    0.119775E-02
    0.670000E+01    0.198148E-02    0.819880E-02    0.734155E-02    0.112423E-02
    0.680000E+01    0.194789E-02    0.796748E-02    0.707595E-02    0.105637E-02
    0.690000E+01    0.191593E-02    0.774894E-02    0.682666E-02    0.993658E-03
    0.700000E+01    0.188545E-02    0.754218E-02    0.659237E-02    0.935645E-03
    0.710000E+01    0.185633E-02    0.734629E-02    0.637188E-02    0.881922E-03
    0.720000E+01    0.182845E-02    0.716045E-02    0.616411E-02    0.832116E-03
    0.730000E+01    0.180171E-02    0.698388E-02    0.596807E-02    0.785891E-03
    0.740000E+01    0.177601E-02    0.681592E-02    0.578285E-02    0.742943E-03
    0.750000E+01    0.175127E-02    0.665592E-02    0.560765E-02    0.702996E-03
    0.760000E+01    0.172741E-02    0.650333E-02    0.544172E-02    0.665800E-03
    0.770000E+01    0.170438E-02    0.635763E-02    0.528438E-02    0.631129E-03
    0.780000E+01    0.168211E-02    0.621834E-02    0.513501E-02    0.598777E-03
    0.790000E+01    0.166054E-02    0.608503E-02    0.499305E-02    0.568560E-03
    0.800000E+01    0.163963E-02    0.595731E-02    0.485799E-02    0.540307E-03
    0.810000E+01    0.161933E-02    0.583481E-02    0.472934E-02    0.513864E-03
    0.820000E+01    0.159961E-02    0.571722E-02    0.460670E-02    0.489092E-03
    0.830000E+01    0.158043E-02    0.560421E-02    0.448965E-02    0.465864E-03
    0.840000E+01    0.156175E-02    0.549553E-02    0.437784E-02    0.444062E-03
    0.850000E+01    0.154356E-02    0.539090E-02    0.427093E-02    0.423581E-03
    0.860000E+01    0.152581E-02    0.529010E-02    0.416862E-02    0.404324E-03
    0.870000E+01    0.150849E-02    0.519291E-02    0.407063E-02    0.386203E-03
    0.880000E+01    0.149157E-02    0.509912E-02    0.397669E-02    0.369135E-03
    0.890000E+01    0.147504E-02    0.500856E-02    0.388657E-02    0.353046E-03
    0.900000E+01    0.145887E-02    0.492105E-02    0.380004E-02    0.337868E-03
    0.910000E+01    0.144305E-02    0.483642E-02    0.371691E-02    0.323539E-03
    0.920000E+01    0.142757E-02    0.475454E-02    0.363697E-02    0.310000E-03
    0.930000E+01    0.141240E-02    0.467526E-02    0.356006E-02    0.297199E-03
    0.940000E+01    0.139754E-02    0.459846E-02    0.348601E-02    0.285086E-03
    0.950000E+01    0.138297E-02    0.452402E-02    0.341466E-02    0.273616E-03
    0.960000E+01    0.136869E-02    0.445182E-02    0.334588E-02    0.262748E-03
    0.970000E+01    0.135468E-02    0.438176E-02    0.327953E-02    0.252443E-03
    0.980000E+01    0.134093E-02    0.431375E-02    0.321549E-02    0.242666E-03
    0.990000E+01    0.132743E-02    0.424769E-02    0.315364E-02    0.233382E-03
    0.100000E+02    0.131418E-02    0.418350E-02    0.309388E-02    0.224563E-03
