    0.000000E+00    0.226739E-06    0.324195E-06    0.724459E-06    0.622049E-06
    0.100000E+00    0.211806E-04    0.354707E-04    0.616776E-05    0.812342E-05
    0.200000E+00    0.424617E-04    0.895248E-04    0.311473E-04    0.159143E-04
    0.300000E+00    0.635964E-04    0.163806E-03    0.777306E-04    0.224761E-04
    0.400000E+00    0.840037E-04    0.259417E-03    0.147957E-03    0.274524E-04
    0.500000E+00    0.102908E-03    0.377064E-03    0.243536E-03    0.306177E-04
    0.600000E+00    0.119297E-03    0.516944E-03    0.365651E-03    0.319914E-04
    0.700000E+00    0.132290E-03    0.679337E-03    0.516685E-03    0.303607E-04
    0.800000E+00    0.140245E-03    0.863021E-03    0.696271E-03    0.265044E-04
    0.900000E+00    0.141587E-03    0.106665E-02    0.905058E-03    0.200080E-04
    0.100000E+01    0.134349E-03    0.128792E-02    0.114273E-02    0.108476E-04
    0.110000E+01    0.116162E-03    0.152342E-02    0.140778E-02    0.518968E-06
    0.120000E+01    0.842735E-04    0.176858E-02    0.169747E-02    0.131648E-04
    0.130000E+01    0.355979E-04    0.201762E-02    0.200781E-02    0.257856E-04
    0.140000E+01    0.332401E-04    0.226346E-02    0.233309E-02    0.363836E-04
    0.150000E+01    0.125726E-03    0.249767E-02    0.266484E-02    0.414389E-04
    0.160000E+01    0.245001E-03    0.271105E-02    0.299248E-02    0.364368E-04
    0.170000E+01    0.393304E-03    0.289430E-02    0.330329E-02    0.156813E-04
    0.180000E+01    0.571189E-03    0.303916E-02    0.358262E-02    0.277292E-04
    0.190000E+01    0.776841E-03    0.313969E-02    0.381561E-02    0.100924E-03
    0.200000E+01    0.100583E-02    0.319310E-02    0.398871E-02    0.210219E-03
    0.210000E+01    0.125159E-02    0.319964E-02    0.409127E-02    0.359962E-03
    0.220000E+01    0.150661E-02    0.316125E-02    0.411611E-02    0.551751E-03
    0.230000E+01    0.176373E-02    0.307978E-02    0.405906E-02    0.784453E-03
    0.240000E+01    0.201705E-02    0.295543E-02    0.391779E-02    0.105469E-02
    0.250000E+01    0.226231E-02    0.278604E-02    0.369081E-02    0.135754E-02
    0.260000E+01    0.249671E-02    0.256710E-02    0.337675E-02    0.168706E-02
    0.270000E+01    0.271860E-02    0.229225E-02    0.297428E-02    0.203658E-02
    0.280000E+01    0.292713E-02    0.195406E-02    0.248235E-02    0.239884E-02
    0.290000E+01    0.312189E-02    0.154471E-02    0.190060E-02    0.276600E-02
    0.300000E+01    0.330280E-02    0.105681E-02    0.122998E-02    0.312963E-02
    0.310000E+01    0.346988E-02    0.484160E-03    0.473239E-03    0.348080E-02
    0.320000E+01    0.362326E-02    0.177624E-03    0.364592E-03    0.381023E-02
    0.330000E+01    0.376310E-02    0.930401E-03    0.127583E-02    0.410853E-02
    0.340000E+01    0.388959E-02    0.177299E-02    0.225000E-02    0.436660E-02
    0.350000E+01    0.400296E-02    0.270080E-02    0.327390E-02    0.457606E-02
    0.360000E+01    0.410351E-02    0.370564E-02    0.433190E-02    0.472977E-02
    0.370000E+01    0.419158E-02    0.477588E-02    0.540654E-02    0.482224E-02
    0.380000E+01    0.426760E-02    0.589679E-02    0.647929E-02    0.485010E-02
    0.390000E+01    0.433210E-02    0.705126E-02    0.753150E-02    0.481234E-02
    0.400000E+01    0.438568E-02    0.822068E-02    0.854538E-02    0.471038E-02
    0.410000E+01    0.442906E-02    0.938596E-02    0.950493E-02    0.454803E-02
    0.420000E+01    0.446301E-02    0.105286E-01    0.103967E-01    0.433116E-02
    0.430000E+01    0.448840E-02    0.116315E-01    0.112104E-01    0.406730E-02
    0.440000E+01    0.450611E-02    0.126799E-01    0.119389E-01    0.376515E-02
    0.450000E+01    0.451705E-02    0.136619E-01    0.125788E-01    0.343398E-02
    0.460000E+01    0.452211E-02    0.145685E-01    0.131296E-01    0.308317E-02
    0.470000E+01    0.452216E-02    0.153939E-01    0.135935E-01    0.272170E-02
    0.480000E+01    0.451801E-02    0.161352E-01    0.139750E-01    0.235780E-02
    0.490000E+01    0.451037E-02    0.167918E-01    0.142802E-01    0.199872E-02
    0.500000E+01    0.449990E-02    0.173656E-01    0.145162E-01    0.165054E-02
    0.510000E+01    0.448718E-02    0.178600E-01    0.146909E-01    0.131817E-02
    0.520000E+01    0.447269E-02    0.182796E-01    0.148122E-01    0.100532E-02
    0.530000E+01    0.445684E-02    0.186299E-01    0.148877E-01    0.714616E-03
    0.540000E+01    0.443996E-02    0.189171E-01    0.149248E-01    0.447716E-03
    0.550000E+01    0.442235E-02    0.191472E-01    0.149303E-01    0.205422E-03
    0.560000E+01    0.440422E-02    0.193265E-01    0.149101E-01    0.121539E-04
    0.570000E+01    0.438577E-02    0.194610E-01    0.148697E-01    0.205459E-03
    0.580000E+01    0.436714E-02    0.195563E-01    0.148138E-01    0.375366E-03
    0.590000E+01    0.434845E-02    0.196177E-01    0.147462E-01    0.523059E-03
    0.600000E+01    0.432982E-02    0.196500E-01    0.146703E-01    0.649938E-03
    0.610000E+01    0.431131E-02    0.196578E-01    0.145889E-01    0.757530E-03
    0.620000E+01    0.429299E-02    0.196447E-01    0.145043E-01    0.847426E-03
    0.630000E+01    0.427493E-02    0.196145E-01    0.144183E-01    0.921230E-03
    0.640000E+01    0.425715E-02    0.195701E-01    0.143324E-01    0.980516E-03
    0.650000E+01    0.423971E-02    0.195143E-01    0.142478E-01    0.102680E-02
    0.660000E+01    0.422264E-02    0.194493E-01    0.141652E-01    0.106152E-02
    0.670000E+01    0.420597E-02    0.193774E-01    0.140854E-01    0.108603E-02
    0.680000E+01    0.418968E-02    0.193001E-01    0.140089E-01    0.110156E-02
    0.690000E+01    0.417379E-02    0.192190E-01    0.139360E-01    0.110927E-02
    0.700000E+01    0.415856E-02    0.191356E-01    0.138668E-01    0.111024E-02
    0.710000E+01    0.414362E-02    0.190506E-01    0.138016E-01    0.110534E-02
    0.720000E+01    0.412915E-02    0.189650E-01    0.137404E-01    0.109546E-02
    0.730000E+01    0.411513E-02    0.188797E-01    0.136832E-01    0.108136E-02
    0.740000E+01    0.410165E-02    0.187953E-01    0.136299E-01    0.106375E-02
    0.750000E+01    0.408862E-02    0.187122E-01    0.135804E-01    0.104318E-02
    0.760000E+01    0.407600E-02    0.186309E-01    0.135347E-01    0.102019E-02
    0.770000E+01    0.406346E-02    0.185513E-01    0.134927E-01    0.995186E-03
    0.780000E+01    0.405191E-02    0.184746E-01    0.134540E-01    0.968756E-03
    0.790000E+01    0.404057E-02    0.184003E-01    0.134187E-01    0.941098E-03
    0.800000E+01    0.403020E-02    0.183294E-01    0.133865E-01    0.912688E-03
    0.810000E+01    0.401962E-02    0.182605E-01    0.133574E-01    0.883543E-03
    0.820000E+01    0.400876E-02    0.181939E-01    0.133313E-01    0.853883E-03
    0.830000E+01    0.400008E-02    0.181322E-01    0.133077E-01    0.824436E-03
    0.840000E+01    0.399101E-02    0.180726E-01    0.132868E-01    0.794828E-03
    0.850000E+01    0.398318E-02    0.180169E-01    0.132682E-01    0.765553E-03
    0.860000E+01    0.397337E-02    0.179617E-01    0.132522E-01    0.736059E-03
    0.870000E+01    0.396569E-02    0.179113E-01    0.132383E-01    0.707246E-03
    0.880000E+01    0.395486E-02    0.178601E-01    0.132273E-01    0.677866E-03
    0.890000E+01    0.395038E-02    0.178181E-01    0.132172E-01    0.650512E-03
    0.900000E+01    0.394328E-02    0.177756E-01    0.132086E-01    0.623732E-03
    0.910000E+01    0.393575E-02    0.177351E-01    0.132026E-01    0.596831E-03
    0.920000E+01    0.393049E-02    0.176994E-01    0.131979E-01    0.571032E-03
    0.930000E+01    0.392524E-02    0.176659E-01    0.131949E-01    0.545713E-03
    0.940000E+01    0.391308E-02    0.176272E-01    0.131948E-01    0.519327E-03
    0.950000E+01    0.391592E-02    0.176065E-01    0.131925E-01    0.498073E-03
    0.960000E+01    0.390797E-02    0.175764E-01    0.131944E-01    0.474017E-03
    0.970000E+01    0.390351E-02    0.175520E-01    0.131966E-01    0.451887E-03
    0.980000E+01    0.388854E-02    0.175184E-01    0.132027E-01    0.427115E-03
    0.990000E+01    0.389334E-02    0.175074E-01    0.132048E-01    0.409207E-03
    0.100000E+02    0.388620E-02    0.174855E-01    0.132118E-01    0.387517E-03
    0.101000E+02    0.388819E-02    0.174751E-01    0.132163E-01    0.370612E-03
    0.102000E+02    0.388238E-02    0.174580E-01    0.132238E-01    0.351739E-03
    0.103000E+02    0.388203E-02    0.174482E-01    0.132318E-01    0.334462E-03
    0.104000E+02    0.387065E-02    0.174283E-01    0.132445E-01    0.313114E-03
    0.105000E+02    0.386376E-02    0.174148E-01    0.132594E-01    0.291624E-03
    0.106000E+02    0.386363E-02    0.174092E-01    0.132657E-01    0.279905E-03
    0.107000E+02    0.385218E-02    0.173927E-01    0.132730E-01    0.267469E-03
    0.108000E+02    0.385705E-02    0.173956E-01    0.132854E-01    0.253129E-03
    0.109000E+02    0.385102E-02    0.173878E-01    0.133004E-01    0.236435E-03
    0.110000E+02    0.382961E-02    0.173648E-01    0.133173E-01    0.217858E-03
    0.111000E+02    0.384624E-02    0.173839E-01    0.133335E-01    0.204223E-03
    0.112000E+02    0.383470E-02    0.173730E-01    0.133407E-01    0.197558E-03
    0.113000E+02    0.384306E-02    0.173850E-01    0.133540E-01    0.188027E-03
    0.114000E+02    0.382609E-02    0.173710E-01    0.133817E-01    0.163265E-03
    0.115000E+02    0.383261E-02    0.173824E-01    0.133849E-01    0.164879E-03
    0.116000E+02    0.382649E-02    0.173804E-01    0.133809E-01    0.173010E-03
    0.117000E+02    0.382225E-02    0.173835E-01    0.134210E-01    0.140306E-03
    0.118000E+02    0.380616E-02    0.173738E-01    0.134432E-01    0.124439E-03
    0.119000E+02    0.381282E-02    0.173878E-01    0.134355E-01    0.139463E-03
    0.120000E+02    0.379164E-02    0.173764E-01    0.135075E-01    0.773443E-04
    0.121000E+02    0.381036E-02    0.174036E-01    0.134776E-01    0.115612E-03
    0.122000E+02    0.378856E-02    0.173916E-01    0.135229E-01    0.800949E-04
    0.123000E+02    0.379253E-02    0.174058E-01    0.135207E-01    0.925492E-04
    0.124000E+02    0.379388E-02    0.174187E-01    0.135408E-01    0.840545E-04
    0.125000E+02    0.377408E-02    0.174085E-01    0.135479E-01    0.865078E-04
    0.126000E+02    0.378958E-02    0.174381E-01    0.135772E-01    0.713625E-04
    0.127000E+02    0.375089E-02    0.174091E-01    0.135887E-01    0.695191E-04
    0.128000E+02    0.377461E-02    0.174482E-01    0.136145E-01    0.591430E-04
    0.129000E+02    0.376219E-02    0.174486E-01    0.136332E-01    0.532685E-04
    0.130000E+02    0.377382E-02    0.174758E-01    0.136610E-01    0.409298E-04
    0.131000E+02    0.372505E-02    0.174383E-01    0.136794E-01    0.338292E-04
    0.132000E+02    0.375686E-02    0.174873E-01    0.137006E-01    0.298687E-04
    0.133000E+02    0.373734E-02    0.174818E-01    0.137195E-01    0.249918E-04
    0.134000E+02    0.371402E-02    0.174731E-01    0.137427E-01    0.163694E-04
    0.135000E+02    0.371534E-02    0.174905E-01    0.137644E-01    0.107752E-04
    0.136000E+02    0.373812E-02    0.175309E-01    0.137911E-01    0.167604E-05
    0.137000E+02    0.372495E-02    0.175339E-01    0.138108E-01    0.186510E-05
    0.138000E+02    0.372999E-02    0.175563E-01    0.138365E-01    0.101714E-04
    0.139000E+02    0.372370E-02    0.175669E-01    0.138584E-01    0.151295E-04
    0.140000E+02    0.373902E-02    0.176019E-01    0.138857E-01    0.228028E-04
    0.141000E+02    0.371057E-02    0.175885E-01    0.139018E-01    0.239224E-04
    0.142000E+02    0.371919E-02    0.176156E-01    0.139308E-01    0.343998E-04
    0.143000E+02    0.372495E-02    0.176405E-01    0.139555E-01    0.399611E-04
    0.144000E+02    0.371480E-02    0.176482E-01    0.139756E-01    0.421992E-04
    0.145000E+02    0.370873E-02    0.176601E-01    0.139990E-01    0.476329E-04
    0.146000E+02    0.370467E-02    0.176743E-01    0.140208E-01    0.511582E-04
    0.147000E+02    0.369336E-02    0.176816E-01    0.140425E-01    0.542165E-04
    0.148000E+02    0.368513E-02    0.176881E-01    0.140661E-01    0.631042E-04
    0.149000E+02    0.369538E-02    0.177218E-01    0.140921E-01    0.656832E-04
    0.150000E+02    0.368345E-02    0.177287E-01    0.141136E-01    0.683960E-04
    0.151000E+02    0.368962E-02    0.177554E-01    0.141395E-01    0.736790E-04
    0.152000E+02    0.367113E-02    0.177542E-01    0.141584E-01    0.753599E-04
    0.153000E+02    0.367464E-02    0.177785E-01    0.141841E-01    0.802878E-04
    0.154000E+02    0.367104E-02    0.177943E-01    0.142074E-01    0.841675E-04
    0.155000E+02    0.366080E-02    0.178028E-01    0.142287E-01    0.866113E-04
    0.156000E+02    0.367319E-02    0.178371E-01    0.142555E-01    0.916521E-04
    0.157000E+02    0.363852E-02    0.178191E-01    0.142701E-01    0.895009E-04
    0.158000E+02    0.365145E-02    0.178528E-01    0.142979E-01    0.965813E-04
    0.159000E+02    0.364362E-02    0.178659E-01    0.143184E-01    0.960667E-04
    0.160000E+02    0.362658E-02    0.178671E-01    0.143393E-01    0.988141E-04
    0.161000E+02    0.364596E-02    0.179086E-01    0.143677E-01    0.104972E-03
    0.162000E+02    0.363564E-02    0.179176E-01    0.143880E-01    0.105949E-03
    0.163000E+02    0.361159E-02    0.179115E-01    0.144066E-01    0.106728E-03
    0.164000E+02    0.361161E-02    0.179318E-01    0.144284E-01    0.108239E-03
    0.165000E+02    0.361753E-02    0.179592E-01    0.144538E-01    0.112171E-03
    0.166000E+02    0.360899E-02    0.179702E-01    0.144752E-01    0.113952E-03
    0.167000E+02    0.360199E-02    0.179832E-01    0.144968E-01    0.115575E-03
    0.168000E+02    0.361067E-02    0.180135E-01    0.145216E-01    0.118764E-03
    0.169000E+02    0.357743E-02    0.179970E-01    0.145374E-01    0.117811E-03
    0.170000E+02    0.358796E-02    0.180294E-01    0.145621E-01    0.120633E-03
    0.171000E+02    0.357819E-02    0.180392E-01    0.145818E-01    0.120823E-03
    0.172000E+02    0.356512E-02    0.180455E-01    0.146021E-01    0.121739E-03
    0.173000E+02    0.355091E-02    0.180509E-01    0.146217E-01    0.121760E-03
    0.174000E+02    0.355737E-02    0.180782E-01    0.146452E-01    0.124372E-03
    0.175000E+02    0.356320E-02    0.181051E-01    0.146690E-01    0.127141E-03
    0.176000E+02    0.353293E-02    0.180918E-01    0.146854E-01    0.126598E-03
    0.177000E+02    0.353263E-02    0.181128E-01    0.147072E-01    0.126994E-03
    0.178000E+02    0.355415E-02    0.181568E-01    0.147353E-01    0.132656E-03
    0.179000E+02    0.354248E-02    0.181646E-01    0.147541E-01    0.131995E-03
    0.180000E+02    0.351818E-02    0.181575E-01    0.147725E-01    0.133149E-03
    0.181000E+02    0.352505E-02    0.181864E-01    0.147970E-01    0.135636E-03
    0.182000E+02    0.352611E-02    0.182078E-01    0.148192E-01    0.137564E-03
    0.183000E+02    0.350447E-02    0.182046E-01    0.148359E-01    0.135799E-03
    0.184000E+02    0.351517E-02    0.182364E-01    0.148607E-01    0.139422E-03
    0.185000E+02    0.351184E-02    0.182530E-01    0.148814E-01    0.140148E-03
    0.186000E+02    0.350165E-02    0.182620E-01    0.149010E-01    0.140646E-03
    0.187000E+02    0.350239E-02    0.182832E-01    0.149231E-01    0.142362E-03
    0.188000E+02    0.349078E-02    0.182903E-01    0.149416E-01    0.142130E-03
    0.189000E+02    0.348731E-02    0.183067E-01    0.149620E-01    0.142635E-03
    0.190000E+02    0.348704E-02    0.183265E-01    0.149837E-01    0.144306E-03
    0.191000E+02    0.347980E-02    0.183385E-01    0.150040E-01    0.145288E-03
    0.192000E+02    0.347418E-02    0.183523E-01    0.150233E-01    0.145209E-03
    0.193000E+02    0.346490E-02    0.183617E-01    0.150420E-01    0.145175E-03
    0.194000E+02    0.346651E-02    0.183818E-01    0.150629E-01    0.147658E-03
    0.195000E+02    0.345899E-02    0.183951E-01    0.150833E-01    0.147173E-03
    0.196000E+02    0.345265E-02    0.184078E-01    0.151025E-01    0.147323E-03
    0.197000E+02    0.344717E-02    0.184194E-01    0.151217E-01    0.149477E-03
    0.198000E+02    0.344111E-02    0.184345E-01    0.151401E-01    0.146707E-03
    0.199000E+02    0.343710E-02    0.184496E-01    0.151601E-01    0.147543E-03
    0.200000E+02    0.343153E-02    0.184622E-01    0.151795E-01    0.148820E-03
