    0.000000E+00    0.000000E+00    0.000000E+00    0.000000E+00    0.000000E+00
    0.100000E+00    0.122750E-04    0.318828E-04    0.147644E-04    0.349040E-04
    0.200000E+00    0.255835E-04    0.697053E-04    0.312754E-04    0.766465E-04
    0.300000E+00    0.396310E-04    0.114380E-03    0.494021E-04    0.126342E-03
    0.400000E+00    0.539017E-04    0.166903E-03    0.688120E-04    0.185213E-03
    0.500000E+00    0.675704E-04    0.228332E-03    0.888684E-04    0.254553E-03
    0.600000E+00    0.794001E-04    0.299740E-03    0.108497E-03    0.335656E-03
    0.700000E+00    0.876384E-04    0.382152E-03    0.126023E-03    0.429716E-03
    0.800000E+00    0.899392E-04    0.476465E-03    0.138999E-03    0.537680E-03
    0.900000E+00    0.833533E-04    0.583351E-03    0.144055E-03    0.660089E-03
    0.100000E+01    0.644306E-04    0.703176E-03    0.136822E-03    0.796930E-03
    0.110000E+01    0.294617E-04    0.835964E-03    0.111986E-03    0.947555E-03
    0.120000E+01    0.251644E-04    0.981400E-03    0.634847E-04    0.111071E-02
    0.130000E+01    0.102564E-03    0.113891E-02    0.151703E-04    0.128468E-02
    0.140000E+01    0.205033E-03    0.130773E-02    0.130534E-03    0.146754E-02
    0.150000E+01    0.333873E-03    0.148704E-02    0.288925E-03    0.165734E-02
    0.160000E+01    0.489382E-03    0.167596E-02    0.496233E-03    0.185233E-02
    0.170000E+01    0.670977E-03    0.187358E-02    0.757841E-03    0.205103E-02
    0.180000E+01    0.877353E-03    0.207889E-02    0.107863E-02    0.225219E-02
    0.190000E+01    0.110665E-02    0.229072E-02    0.146299E-02    0.245480E-02
    0.200000E+01    0.135658E-02    0.250768E-02    0.191481E-02    0.265795E-02
    0.210000E+01    0.162447E-02    0.272805E-02    0.243745E-02    0.286076E-02
    0.220000E+01    0.190733E-02    0.294972E-02    0.303356E-02    0.306232E-02
    0.230000E+01    0.220182E-02    0.317018E-02    0.370490E-02    0.326160E-02
    0.240000E+01    0.250428E-02    0.338645E-02    0.445210E-02    0.345741E-02
    0.250000E+01    0.281071E-02    0.359512E-02    0.527433E-02    0.364837E-02
    0.260000E+01    0.311679E-02    0.379238E-02    0.616897E-02    0.383285E-02
    0.270000E+01    0.341791E-02    0.397407E-02    0.713123E-02    0.400902E-02
    0.280000E+01    0.370927E-02    0.413577E-02    0.815386E-02    0.417479E-02
    0.290000E+01    0.398590E-02    0.427297E-02    0.922679E-02    0.432782E-02
    0.300000E+01    0.424286E-02    0.438116E-02    0.103370E-01    0.446557E-02
    0.310000E+01    0.447531E-02    0.445604E-02    0.114682E-01    0.458532E-02
    0.320000E+01    0.467872E-02    0.449365E-02    0.126013E-01    0.468421E-02
    0.330000E+01    0.484893E-02    0.449065E-02    0.137138E-01    0.475934E-02
    0.340000E+01    0.498239E-02    0.444442E-02    0.147811E-01    0.480790E-02
    0.350000E+01    0.507626E-02    0.435335E-02    0.157764E-01    0.482730E-02
    0.360000E+01    0.512854E-02    0.421704E-02    0.166716E-01    0.481538E-02
    0.370000E+01    0.513822E-02    0.403652E-02    0.174389E-01    0.477062E-02
    0.380000E+01    0.510545E-02    0.381452E-02    0.180522E-01    0.469244E-02
    0.390000E+01    0.503162E-02    0.355557E-02    0.184888E-01    0.458142E-02
    0.400000E+01    0.491950E-02    0.326605E-02    0.187318E-01    0.443948E-02
    0.410000E+01    0.477323E-02    0.295391E-02    0.187723E-01    0.426993E-02
    0.420000E+01    0.459819E-02    0.262820E-02    0.186113E-01    0.407739E-02
    0.430000E+01    0.440067E-02    0.229828E-02    0.182598E-01    0.386741E-02
    0.440000E+01    0.418743E-02    0.197295E-02    0.177388E-01    0.364604E-02
    0.450000E+01    0.396508E-02    0.165967E-02    0.170763E-01    0.341921E-02
    0.460000E+01    0.373967E-02    0.136411E-02    0.163044E-01    0.319232E-02
    0.470000E+01    0.351625E-02    0.109000E-02    0.154562E-01    0.296988E-02
    0.480000E+01    0.329877E-02    0.839265E-03    0.145626E-01    0.275534E-02
    0.490000E+01    0.309008E-02    0.612402E-03    0.136505E-01    0.255115E-02
    0.500000E+01    0.289202E-02    0.408843E-03    0.127420E-01    0.235885E-02
    0.510000E+01    0.270562E-02    0.227331E-03    0.118544E-01    0.217923E-02
    0.520000E+01    0.253130E-02    0.662178E-04    0.110000E-01    0.201253E-02
    0.530000E+01    0.236903E-02    0.763210E-04    0.101872E-01    0.185854E-02
    0.540000E+01    0.221846E-02    0.202133E-03    0.942119E-02    0.171681E-02
    0.550000E+01    0.207905E-02    0.312997E-03    0.870457E-02    0.158670E-02
    0.560000E+01    0.195014E-02    0.410575E-03    0.803797E-02    0.146747E-02
    0.570000E+01    0.183103E-02    0.496379E-03    0.742066E-02    0.135832E-02
    0.580000E+01    0.172099E-02    0.571773E-03    0.685095E-02    0.125848E-02
    0.590000E+01    0.161932E-02    0.637969E-03    0.632654E-02    0.116716E-02
    0.600000E+01    0.152533E-02    0.696041E-03    0.584475E-02    0.108364E-02
    0.610000E+01    0.143838E-02    0.746935E-03    0.540269E-02    0.100722E-02
    0.620000E+01    0.135788E-02    0.791483E-03    0.499746E-02    0.937255E-03
    0.630000E+01    0.128328E-02    0.830415E-03    0.462619E-02    0.873162E-03
    0.640000E+01    0.121407E-02    0.864372E-03    0.428610E-02    0.814397E-03
    0.650000E+01    0.114980E-02    0.893916E-03    0.397455E-02    0.760469E-03
    0.660000E+01    0.109003E-02    0.919542E-03    0.368910E-02    0.710931E-03
    0.670000E+01    0.103440E-02    0.941684E-03    0.342743E-02    0.665379E-03
    0.680000E+01    0.982557E-03    0.960725E-03    0.318746E-02    0.623446E-03
    0.690000E+01    0.934182E-03    0.977003E-03    0.296722E-02    0.584802E-03
    0.700000E+01    0.888994E-03    0.990816E-03    0.276496E-02    0.549151E-03
    0.710000E+01    0.846735E-03    0.100243E-02    0.257904E-02    0.516222E-03
    0.720000E+01    0.807171E-03    0.101207E-02    0.240802E-02    0.485774E-03
    0.730000E+01    0.770089E-03    0.101996E-02    0.225054E-02    0.457589E-03
    0.740000E+01    0.735295E-03    0.102627E-02    0.210541E-02    0.431468E-03
    0.750000E+01    0.702615E-03    0.103117E-02    0.197152E-02    0.407234E-03
    0.760000E+01    0.671889E-03    0.103481E-02    0.184789E-02    0.384725E-03
    0.770000E+01    0.642952E-03    0.103729E-02    0.173359E-02    0.363899E-03
    0.780000E+01    0.615727E-03    0.103881E-02    0.162788E-02    0.344318E-03
    0.790000E+01    0.590016E-03    0.103935E-02    0.152994E-02    0.326314E-03
    0.800000E+01    0.565769E-03    0.103912E-02    0.143916E-02    0.309362E-03
    0.810000E+01    0.542869E-03    0.103816E-02    0.135492E-02    0.293510E-03
    0.820000E+01    0.521227E-03    0.103657E-02    0.127670E-02    0.278661E-03
    0.830000E+01    0.500717E-03    0.103433E-02    0.120394E-02    0.264970E-03
    0.840000E+01    0.481306E-03    0.103160E-02    0.113624E-02    0.252030E-03
    0.850000E+01    0.462909E-03    0.102839E-02    0.107317E-02    0.239898E-03
    0.860000E+01    0.445459E-03    0.102477E-02    0.101438E-02    0.228516E-03
    0.870000E+01    0.428895E-03    0.102078E-02    0.959507E-03    0.217828E-03
    0.880000E+01    0.413159E-03    0.101645E-02    0.908258E-03    0.207784E-03
    0.890000E+01    0.398199E-03    0.101183E-02    0.860348E-03    0.198336E-03
    0.900000E+01    0.383969E-03    0.100694E-02    0.815523E-03    0.189443E-03
    0.910000E+01    0.370422E-03    0.100182E-02    0.773546E-03    0.181064E-03
    0.920000E+01    0.357518E-03    0.996504E-03    0.734207E-03    0.173164E-03
    0.930000E+01    0.345218E-03    0.991003E-03    0.697306E-03    0.165709E-03
    0.940000E+01    0.333488E-03    0.985347E-03    0.662669E-03    0.158669E-03
    0.950000E+01    0.322292E-03    0.979556E-03    0.630130E-03    0.152015E-03
    0.960000E+01    0.311602E-03    0.973647E-03    0.599538E-03    0.145721E-03
    0.970000E+01    0.301388E-03    0.967638E-03    0.570756E-03    0.139762E-03
    0.980000E+01    0.291624E-03    0.961545E-03    0.543658E-03    0.134116E-03
    0.990000E+01    0.282286E-03    0.955384E-03    0.518127E-03    0.128761E-03
    0.100000E+02    0.273357E-03    0.949187E-03    0.494066E-03    0.123612E-03
