    0.000000E+00   -0.320327E+01   -0.238757E+01   -0.224773E+01   -0.224773E+01   -0.210789E+01   -0.129219E+01   -0.668518E+00   -0.630210E+00   -0.528673E+00   -0.490366E+00   -0.465171E+00   -0.426861E+00   -0.325327E+00   -0.287017E+00    0.287020E+00    0.325327E+00    0.426861E+00    0.465168E+00    0.490366E+00    0.528676E+00    0.630207E+00    0.668518E+00    0.204438E+01    0.220942E+01    0.224773E+01    0.224773E+01    0.228604E+01    0.245108E+01
    0.100000E+00   -0.313274E+01   -0.234268E+01   -0.220341E+01   -0.215385E+01   -0.206302E+01   -0.122547E+01   -0.643840E+00   -0.602296E+00   -0.501682E+00   -0.462503E+00   -0.437826E+00   -0.398172E+00   -0.299341E+00   -0.258679E+00    0.314264E+00    0.351851E+00    0.456190E+00    0.495205E+00    0.518578E+00    0.560128E+00    0.658227E+00    0.694426E+00    0.204624E+01    0.223458E+01    0.224816E+01    0.234191E+01    0.235110E+01    0.245465E+01
    0.200000E+00   -0.306302E+01   -0.229802E+01   -0.215933E+01   -0.206029E+01   -0.201839E+01   -0.115851E+01   -0.620514E+00   -0.575467E+00   -0.476006E+00   -0.435825E+00   -0.411570E+00   -0.371084E+00   -0.274208E+00   -0.231098E+00    0.342359E+00    0.379156E+00    0.487267E+00    0.525769E+00    0.548186E+00    0.593878E+00    0.687518E+00    0.721669E+00    0.204746E+01    0.224148E+01    0.224861E+01    0.242077E+01    0.243637E+01    0.247284E+01
    0.300000E+00   -0.299412E+01   -0.225359E+01   -0.211550E+01   -0.197401E+01   -0.196708E+01   -0.109136E+01   -0.598518E+00   -0.549678E+00   -0.451622E+00   -0.410319E+00   -0.386327E+00   -0.345494E+00   -0.249962E+00   -0.204262E+00    0.371320E+00    0.407257E+00    0.519964E+00    0.556850E+00    0.579276E+00    0.629867E+00    0.718072E+00    0.750229E+00    0.204843E+01    0.224454E+01    0.224908E+01    0.244163E+01    0.253107E+01    0.254427E+01
    0.400000E+00   -0.292606E+01   -0.220941E+01   -0.207194E+01   -0.192990E+01   -0.187426E+01   -0.102407E+01   -0.577815E+00   -0.524864E+00   -0.428512E+00   -0.385980E+00   -0.361996E+00   -0.321255E+00   -0.226640E+00   -0.178157E+00    0.401160E+00    0.436179E+00    0.554099E+00    0.588490E+00    0.611954E+00    0.667957E+00    0.749878E+00    0.780076E+00    0.204928E+01    0.224642E+01    0.224956E+01    0.244557E+01    0.262602E+01    0.263421E+01
    0.500000E+00   -0.285883E+01   -0.216550E+01   -0.202865E+01   -0.188607E+01   -0.178187E+01   -0.956712E+00   -0.558359E+00   -0.500941E+00   -0.406661E+00   -0.362807E+00   -0.338456E+00   -0.298198E+00   -0.204274E+00   -0.152760E+00    0.431889E+00    0.465953E+00    0.589444E+00    0.620753E+00    0.646343E+00    0.707962E+00    0.782926E+00    0.811169E+00    0.205009E+01    0.224782E+01    0.225007E+01    0.244731E+01    0.272118E+01    0.272718E+01
    0.600000E+00   -0.279245E+01   -0.212187E+01   -0.198565E+01   -0.184253E+01   -0.168997E+01   -0.889395E+00   -0.540091E+00   -0.477808E+00   -0.386052E+00   -0.340800E+00   -0.315571E+00   -0.276135E+00   -0.182885E+00   -0.128043E+00    0.463509E+00    0.496605E+00    0.625747E+00    0.653704E+00    0.682564E+00    0.749668E+00    0.817223E+00    0.843459E+00    0.205088E+01    0.224900E+01    0.225061E+01    0.244847E+01    0.281655E+01    0.282126E+01
    0.700000E+00   -0.272692E+01   -0.207853E+01   -0.194297E+01   -0.179930E+01   -0.159859E+01   -0.822247E+00   -0.522945E+00   -0.455336E+00   -0.366660E+00   -0.319950E+00   -0.293189E+00   -0.254882E+00   -0.162476E+00   -0.103970E+00    0.496016E+00    0.528156E+00    0.662773E+00    0.687390E+00    0.720719E+00    0.792834E+00    0.852798E+00    0.876892E+00    0.205168E+01    0.225006E+01    0.225117E+01    0.244941E+01    0.291210E+01    0.291596E+01
    0.800000E+00   -0.266226E+01   -0.203549E+01   -0.190060E+01   -0.175640E+01   -0.150782E+01   -0.755459E+00   -0.506850E+00   -0.433365E+00   -0.348447E+00   -0.300233E+00   -0.271145E+00   -0.234265E+00   -0.143028E+00   -0.804962E-01    0.529401E+00    0.560615E+00    0.700335E+00    0.721843E+00    0.760854E+00    0.837176E+00    0.889739E+00    0.911407E+00    0.205249E+01    0.225107E+01    0.225175E+01    0.245026E+01    0.300784E+01    0.301109E+01
    0.900000E+00   -0.259846E+01   -0.199279E+01   -0.185859E+01   -0.171384E+01   -0.141774E+01   -0.689309E+00   -0.491725E+00   -0.411688E+00   -0.331356E+00   -0.281605E+00   -0.249249E+00   -0.214128E+00   -0.124504E+00   -0.575681E-01    0.563646E+00    0.593982E+00    0.738319E+00    0.757073E+00    0.802940E+00    0.882329E+00    0.928228E+00    0.946942E+00    0.205333E+01    0.225206E+01    0.225237E+01    0.245106E+01    0.310374E+01    0.310653E+01
    0.100000E+01   -0.253554E+01   -0.195043E+01   -0.181694E+01   -0.167165E+01   -0.132845E+01   -0.624225E+00   -0.477489E+00   -0.390012E+00   -0.315303E+00   -0.263994E+00   -0.227272E+00   -0.194343E+00   -0.106845E+00   -0.351230E-01    0.598727E+00    0.628243E+00    0.776680E+00    0.793077E+00    0.846884E+00    0.927793E+00    0.968594E+00    0.983433E+00    0.205421E+01    0.225301E+01    0.225306E+01    0.245186E+01    0.319980E+01    0.320224E+01
    0.110000E+01   -0.247350E+01   -0.190843E+01   -0.177567E+01   -0.162984E+01   -0.124009E+01   -0.560904E+00   -0.464052E+00   -0.367905E+00   -0.300164E+00   -0.247300E+00   -0.204912E+00   -0.174806E+00   -0.899691E-01   -0.130880E-01    0.634616E+00    0.663380E+00    0.815421E+00    0.829839E+00    0.892551E+00    0.972949E+00    0.101130E+01    0.102082E+01    0.205513E+01    0.225370E+01    0.225408E+01    0.245266E+01    0.329601E+01    0.329816E+01
    0.120000E+01   -0.241235E+01   -0.186681E+01   -0.173480E+01   -0.158843E+01   -0.115281E+01   -0.500509E+00   -0.451319E+00   -0.344696E+00   -0.285718E+00   -0.231395E+00   -0.181737E+00   -0.155435E+00   -0.737731E-01    0.862215E-02    0.671278E+00    0.699363E+00    0.854565E+00    0.867333E+00    0.939792E+00    0.101727E+01    0.105674E+01    0.105903E+01    0.205611E+01    0.225442E+01    0.225515E+01    0.245348E+01    0.339236E+01    0.339428E+01
    0.130000E+01   -0.235211E+01   -0.182560E+01   -0.169436E+01   -0.154745E+01   -0.106684E+01   -0.444958E+00   -0.439183E+00   -0.319471E+00   -0.271487E+00   -0.216125E+00   -0.157088E+00   -0.136165E+00   -0.581265E-01    0.301097E-01    0.708678E+00    0.736158E+00    0.894135E+00    0.905529E+00    0.988464E+00    0.106064E+01    0.109802E+01    0.110487E+01    0.205716E+01    0.225518E+01    0.225627E+01    0.245433E+01    0.348884E+01    0.349056E+01
    0.140000E+01   -0.229277E+01   -0.178480E+01   -0.165437E+01   -0.150691E+01   -0.982466E+00   -0.427526E+00   -0.396872E+00   -0.292011E+00   -0.255993E+00   -0.201312E+00   -0.129939E+00   -0.116944E+00   -0.428653E-01    0.515032E-01    0.746775E+00    0.773728E+00    0.934147E+00    0.944391E+00    0.103844E+01    0.110337E+01    0.113773E+01    0.115528E+01    0.205829E+01    0.225598E+01    0.225747E+01    0.245523E+01    0.358545E+01    0.358700E+01
    0.150000E+01   -0.223435E+01   -0.174445E+01   -0.161485E+01   -0.146684E+01   -0.900071E+00   -0.416202E+00   -0.358067E+00   -0.266713E+00   -0.234462E+00   -0.186754E+00   -0.987924E-01   -0.977205E-01   -0.277783E-01    0.729778E-01    0.785527E+00    0.812032E+00    0.974607E+00    0.983881E+00    0.108961E+01    0.114581E+01    0.117812E+01    0.120749E+01    0.205950E+01    0.225684E+01    0.225875E+01    0.245617E+01    0.368217E+01    0.368359E+01
    0.160000E+01   -0.217687E+01   -0.170457E+01   -0.157583E+01   -0.142727E+01   -0.820185E+00   -0.405024E+00   -0.327499E+00   -0.249624E+00   -0.203636E+00   -0.172226E+00   -0.784493E-01   -0.619503E-01   -0.125861E-01    0.948001E-01    0.824894E+00    0.851028E+00    0.101551E+01    0.102396E+01    0.114188E+01    0.118823E+01    0.121913E+01    0.126111E+01    0.206082E+01    0.225775E+01    0.226013E+01    0.245716E+01    0.377901E+01    0.378030E+01
    0.170000E+01   -0.212032E+01   -0.166517E+01   -0.153734E+01   -0.138821E+01   -0.743539E+00   -0.393740E+00   -0.302338E+00   -0.237450E+00   -0.170735E+00   -0.157479E+00   -0.590832E-01   -0.185718E-01    0.309372E-02    0.117439E+00    0.864832E+00    0.890673E+00    0.105684E+01    0.106459E+01    0.119516E+01    0.123078E+01    0.126073E+01    0.131589E+01    0.206227E+01    0.225872E+01    0.226164E+01    0.245823E+01    0.387596E+01    0.387714E+01
    0.180000E+01   -0.206474E+01   -0.162628E+01   -0.149939E+01   -0.134970E+01   -0.671158E+00   -0.381982E+00   -0.280248E+00   -0.227241E+00   -0.142257E+00   -0.140513E+00   -0.395771E-01    0.198009E-01    0.300584E-01    0.141851E+00    0.905298E+00    0.930924E+00    0.109859E+01    0.110572E+01    0.124936E+01    0.127353E+01    0.130293E+01    0.137163E+01    0.206387E+01    0.225976E+01    0.226330E+01    0.245937E+01    0.397300E+01    0.397409E+01
    0.190000E+01   -0.201013E+01   -0.158792E+01   -0.146201E+01   -0.131175E+01   -0.604454E+00   -0.369202E+00   -0.259875E+00   -0.218072E+00   -0.126335E+00   -0.113474E+00   -0.198916E-01    0.383077E-01    0.801871E-01    0.170213E+00    0.946252E+00    0.971741E+00    0.114073E+01    0.114733E+01    0.130435E+01    0.131651E+01    0.134575E+01    0.142819E+01    0.206566E+01    0.226087E+01    0.226514E+01    0.246060E+01    0.407014E+01    0.407115E+01
    0.200000E+01   -0.195651E+01   -0.155012E+01   -0.142524E+01   -0.127440E+01   -0.545278E+00   -0.354618E+00   -0.240525E+00   -0.209561E+00   -0.109597E+00   -0.888086E-01   -0.444089E-15    0.597013E-01    0.125792E+00    0.206852E+00    0.987651E+00    0.101308E+01    0.118323E+01    0.118936E+01    0.135973E+01    0.135988E+01    0.138940E+01    0.148542E+01    0.206767E+01    0.226207E+01    0.226721E+01    0.246193E+01    0.416737E+01    0.416831E+01
    0.210000E+01   -0.190390E+01   -0.151290E+01   -0.138910E+01   -0.123767E+01   -0.495703E+00   -0.337327E+00   -0.221955E+00   -0.201366E+00   -0.921657E-01   -0.656657E-01    0.201121E-01    0.854074E-01    0.162095E+00    0.255289E+00    0.102946E+01    0.105491E+01    0.122607E+01    0.123179E+01    0.140317E+01    0.141509E+01    0.143465E+01    0.154317E+01    0.206998E+01    0.226336E+01    0.226956E+01    0.246339E+01    0.426469E+01    0.426557E+01
    0.220000E+01   -0.185233E+01   -0.147628E+01   -0.135361E+01   -0.120158E+01   -0.457157E+00   -0.316923E+00   -0.204773E+00   -0.192522E+00   -0.745032E-01   -0.434199E-01    0.404631E-01    0.117025E+00    0.190934E+00    0.312879E+00    0.107162E+01    0.109719E+01    0.126923E+01    0.127458E+01    0.144683E+01    0.146717E+01    0.148427E+01    0.160126E+01    0.207265E+01    0.226476E+01    0.227225E+01    0.246499E+01    0.436210E+01    0.436291E+01
    0.230000E+01   -0.180181E+01   -0.144027E+01   -0.131881E+01   -0.116617E+01   -0.429148E+00   -0.294409E+00   -0.192220E+00   -0.179547E+00   -0.573491E-01   -0.216467E-01    0.610979E-01    0.155887E+00    0.216169E+00    0.375260E+00    0.111412E+01    0.113988E+01    0.131267E+01    0.131768E+01    0.149067E+01    0.151443E+01    0.153990E+01    0.165945E+01    0.207580E+01    0.226628E+01    0.227540E+01    0.246678E+01    0.445958E+01    0.446034E+01
    0.240000E+01   -0.175238E+01   -0.140491E+01   -0.128472E+01   -0.113145E+01   -0.409281E+00   -0.271951E+00   -0.184344E+00   -0.162216E+00   -0.414336E-01   -0.548305E-04    0.820865E-01    0.202534E+00    0.239922E+00    0.440000E+00    0.115690E+01    0.118295E+01    0.135636E+01    0.136107E+01    0.153467E+01    0.155980E+01    0.159858E+01    0.171740E+01    0.207962E+01    0.226794E+01    0.227914E+01    0.246877E+01    0.455714E+01    0.455785E+01
    0.250000E+01   -0.170406E+01   -0.137020E+01   -0.125136E+01   -0.109745E+01   -0.394809E+00   -0.251388E+00   -0.177941E+00   -0.143597E+00   -0.271868E-01    0.215629E-01    0.103502E+00    0.256520E+00    0.263141E+00    0.505956E+00    0.119993E+01    0.122637E+01    0.140028E+01    0.140470E+01    0.157879E+01    0.160476E+01    0.165879E+01    0.177463E+01    0.208438E+01    0.226976E+01    0.228368E+01    0.247104E+01    0.465477E+01    0.465544E+01
    0.260000E+01   -0.165687E+01   -0.133617E+01   -0.121877E+01   -0.106419E+01   -0.383718E+00   -0.233484E+00   -0.172166E+00   -0.124419E+00   -0.146797E-01    0.433606E-01    0.125405E+00    0.286280E+00    0.316695E+00    0.572548E+00    0.124316E+01    0.127010E+01    0.144439E+01    0.144855E+01    0.162299E+01    0.164970E+01    0.172011E+01    0.183034E+01    0.209052E+01    0.227177E+01    0.228931E+01    0.247366E+01    0.475247E+01    0.475310E+01
    0.270000E+01   -0.161086E+01   -0.130283E+01   -0.118695E+01   -0.103170E+01   -0.374776E+00   -0.218213E+00   -0.166811E+00   -0.104793E+00   -0.375450E-02    0.654575E-01    0.147843E+00    0.309589E+00    0.381680E+00    0.639443E+00    0.128656E+01    0.131413E+01    0.148866E+01    0.149256E+01    0.166725E+01    0.169471E+01    0.178243E+01    0.188331E+01    0.209876E+01    0.227400E+01    0.229650E+01    0.247674E+01    0.485023E+01    0.485083E+01
    0.280000E+01   -0.156605E+01   -0.127020E+01   -0.115594E+01   -0.999988E+00   -0.367264E+00   -0.205219E+00   -0.161796E+00   -0.847153E-01    0.582825E-02    0.879494E-01    0.170853E+00    0.333221E+00    0.450197E+00    0.706433E+00    0.133007E+01    0.135841E+01    0.153306E+01    0.153670E+01    0.171149E+01    0.173982E+01    0.184571E+01    0.193164E+01    0.211019E+01    0.227650E+01    0.230596E+01    0.248047E+01    0.494806E+01    0.494862E+01
    0.290000E+01   -0.152248E+01   -0.123828E+01   -0.112576E+01   -0.969079E+00   -0.360755E+00   -0.194090E+00   -0.157073E+00   -0.641543E-01    0.143041E-01    0.110915E+00    0.194468E+00    0.357281E+00    0.521203E+00    0.773376E+00    0.137365E+01    0.140292E+01    0.157755E+01    0.158091E+01    0.175568E+01    0.178499E+01    0.190992E+01    0.197282E+01    0.212609E+01    0.227930E+01    0.231871E+01    0.248514E+01    0.504595E+01    0.504648E+01
    0.300000E+01   -0.148018E+01   -0.120709E+01   -0.109642E+01   -0.938987E+00   -0.354987E+00   -0.184456E+00   -0.152613E+00   -0.430712E-01    0.218731E-01    0.134421E+00    0.218717E+00    0.381845E+00    0.593896E+00    0.840169E+00    0.141725E+01    0.144763E+01    0.162209E+01    0.162514E+01    0.179974E+01    0.183022E+01    0.197506E+01    0.200477E+01    0.214681E+01    0.228249E+01    0.233610E+01    0.249130E+01    0.514390E+01    0.514440E+01
    0.310000E+01   -0.143918E+01   -0.117663E+01   -0.106793E+01   -0.909725E+00   -0.349788E+00   -0.176020E+00   -0.148390E+00   -0.214256E-01    0.286954E-01    0.158521E+00    0.243623E+00    0.406971E+00    0.667673E+00    0.906735E+00    0.146079E+01    0.149250E+01    0.166662E+01    0.166932E+01    0.184358E+01    0.187544E+01    0.202768E+01    0.204114E+01    0.217018E+01    0.228614E+01    0.235920E+01    0.249999E+01    0.524191E+01    0.524238E+01
    0.320000E+01   -0.139952E+01   -0.114690E+01   -0.104031E+01   -0.881302E+00   -0.345044E+00   -0.168551E+00   -0.144387E+00    0.822152E-03    0.348964E-01    0.183263E+00    0.269209E+00    0.432704E+00    0.742086E+00    0.973013E+00    0.150420E+01    0.153751E+01    0.171109E+01    0.171336E+01    0.188708E+01    0.192061E+01    0.204402E+01    0.210817E+01    0.219254E+01    0.229036E+01    0.238738E+01    0.251331E+01    0.533996E+01    0.534042E+01
    0.330000E+01   -0.136122E+01   -0.111791E+01   -0.101357E+01   -0.853726E+00   -0.340674E+00   -0.161870E+00   -0.140584E+00    0.237105E-01    0.405741E-01    0.208685E+00    0.295491E+00    0.459081E+00    0.816799E+00    0.103896E+01    0.154739E+01    0.158263E+01    0.175544E+01    0.175714E+01    0.193010E+01    0.196562E+01    0.205654E+01    0.217616E+01    0.221157E+01    0.229533E+01    0.241668E+01    0.253509E+01    0.543807E+01    0.543850E+01
    0.340000E+01   -0.132432E+01   -0.108966E+01   -0.987708E+00   -0.827001E+00   -0.336620E+00   -0.155841E+00   -0.136968E+00    0.458055E-01    0.472757E-01    0.234817E+00    0.322485E+00    0.486128E+00    0.891556E+00    0.110452E+01    0.159025E+01    0.162780E+01    0.179958E+01    0.180050E+01    0.197243E+01    0.201038E+01    0.206726E+01    0.222717E+01    0.224510E+01    0.230124E+01    0.244136E+01    0.256961E+01    0.553623E+01    0.553664E+01
    0.350000E+01   -0.128883E+01   -0.106215E+01   -0.962730E+00   -0.801130E+00   -0.332836E+00   -0.150357E+00   -0.133525E+00    0.506516E-01    0.715517E-01    0.261686E+00    0.350199E+00    0.513868E+00    0.966163E+00    0.116967E+01    0.163262E+01    0.167298E+01    0.184321E+01    0.184339E+01    0.201375E+01    0.205469E+01    0.207755E+01    0.224038E+01    0.230838E+01    0.231502E+01    0.245931E+01    0.261721E+01    0.563444E+01    0.563483E+01
    0.360000E+01   -0.125477E+01   -0.103537E+01   -0.938633E+00   -0.776111E+00   -0.329288E+00   -0.145334E+00   -0.130243E+00    0.551616E-01    0.965697E-01    0.289307E+00    0.378641E+00    0.542314E+00    0.104047E+01    0.123439E+01    0.167431E+01    0.171811E+01    0.188493E+01    0.188675E+01    0.205358E+01    0.208852E+01    0.209831E+01    0.225245E+01    0.231722E+01    0.238590E+01    0.247270E+01    0.267437E+01    0.573269E+01    0.573306E+01
    0.370000E+01   -0.122215E+01   -0.100933E+01   -0.915413E+00   -0.751940E+00   -0.325950E+00   -0.140707E+00   -0.127111E+00    0.593756E-01    0.122358E+00    0.317694E+00    0.407811E+00    0.571475E+00    0.111437E+01    0.129863E+01    0.171507E+01    0.176311E+01    0.192517E+01    0.192946E+01    0.209049E+01    0.210196E+01    0.214086E+01    0.226456E+01    0.232833E+01    0.245776E+01    0.248409E+01    0.273769E+01    0.583099E+01    0.583134E+01
    0.380000E+01   -0.119098E+01   -0.984031E+00   -0.893061E+00   -0.728610E+00   -0.322797E+00   -0.136422E+00   -0.124120E+00    0.633266E-01    0.148940E+00    0.346852E+00    0.437710E+00    0.601356E+00    0.118776E+01    0.136238E+01    0.175458E+01    0.180788E+01    0.196327E+01    0.197131E+01    0.211386E+01    0.212877E+01    0.218179E+01    0.227783E+01    0.234257E+01    0.249516E+01    0.253060E+01    0.280508E+01    0.592933E+01    0.592967E+01
    0.390000E+01   -0.116123E+01   -0.959467E+00   -0.871568E+00   -0.706113E+00   -0.319813E+00   -0.132436E+00   -0.121261E+00    0.670424E-01    0.176337E+00    0.376782E+00    0.468331E+00    0.631956E+00    0.126057E+01    0.142560E+01    0.179239E+01    0.185225E+01    0.199841E+01    0.201202E+01    0.213281E+01    0.215997E+01    0.222044E+01    0.229338E+01    0.236104E+01    0.250703E+01    0.260442E+01    0.287536E+01    0.602771E+01    0.602803E+01
    0.400000E+01   -0.113291E+01   -0.935641E+00   -0.850918E+00   -0.684437E+00   -0.316981E+00   -0.128714E+00   -0.118525E+00    0.705462E-01    0.204564E+00    0.407479E+00    0.499665E+00    0.663270E+00    0.133276E+01    0.148826E+01    0.182800E+01    0.189601E+01    0.203001E+01    0.205125E+01    0.215572E+01    0.218730E+01    0.225626E+01    0.231204E+01    0.238477E+01    0.252060E+01    0.267921E+01    0.294783E+01    0.612613E+01    0.612644E+01
    0.410000E+01   -0.110598E+01   -0.912555E+00   -0.831095E+00   -0.663569E+00   -0.314288E+00   -0.125226E+00   -0.115905E+00    0.738580E-01    0.233634E+00    0.438936E+00    0.531701E+00    0.695289E+00    0.140429E+01    0.155032E+01    0.186080E+01    0.193884E+01    0.205816E+01    0.208872E+01    0.218291E+01    0.221040E+01    0.228939E+01    0.233393E+01    0.241426E+01    0.253668E+01    0.275496E+01    0.302206E+01    0.622459E+01    0.622488E+01
    0.420000E+01   -0.108042E+01   -0.890213E+00   -0.812080E+00   -0.643493E+00   -0.311724E+00   -0.121947E+00   -0.113394E+00    0.769949E-01    0.263551E+00    0.471138E+00    0.564424E+00    0.727999E+00    0.147512E+01    0.161172E+01    0.189022E+01    0.198025E+01    0.208374E+01    0.212427E+01    0.221332E+01    0.223031E+01    0.232095E+01    0.235839E+01    0.244899E+01    0.255601E+01    0.283166E+01    0.309776E+01    0.632308E+01    0.632337E+01
    0.430000E+01   -0.105618E+01   -0.868617E+00   -0.793853E+00   -0.624193E+00   -0.309276E+00   -0.118856E+00   -0.110985E+00    0.799720E-01    0.294319E+00    0.504070E+00    0.597816E+00    0.761386E+00    0.154524E+01    0.167236E+01    0.191587E+01    0.201951E+01    0.210774E+01    0.215815E+01    0.224497E+01    0.224896E+01    0.235262E+01    0.238452E+01    0.248775E+01    0.257915E+01    0.290931E+01    0.317473E+01    0.642161E+01    0.642189E+01
    0.440000E+01   -0.103321E+01   -0.847769E+00   -0.776390E+00   -0.605651E+00   -0.306938E+00   -0.115935E+00   -0.108673E+00    0.828021E-01    0.325931E+00    0.537711E+00    0.631858E+00    0.795431E+00    0.161464E+01    0.173209E+01    0.193776E+01    0.205566E+01    0.213054E+01    0.219116E+01    0.226771E+01    0.227647E+01    0.238577E+01    0.241205E+01    0.252932E+01    0.260635E+01    0.298787E+01    0.325282E+01    0.652018E+01    0.652044E+01
    0.450000E+01   -0.101146E+01   -0.827670E+00   -0.759668E+00   -0.587848E+00   -0.304701E+00   -0.113169E+00   -0.106451E+00    0.854969E-01    0.358381E+00    0.572041E+00    0.666528E+00    0.830113E+00    0.168332E+01    0.179061E+01    0.195633E+01    0.208760E+01    0.215176E+01    0.222458E+01    0.228921E+01    0.230516E+01    0.242113E+01    0.244142E+01    0.257278E+01    0.263745E+01    0.306734E+01    0.333192E+01    0.661878E+01    0.661903E+01
    0.460000E+01   -0.990886E+00   -0.808318E+00   -0.743661E+00   -0.570763E+00   -0.302558E+00   -0.110544E+00   -0.104316E+00    0.880665E-01    0.391653E+00    0.607034E+00    0.701803E+00    0.865410E+00    0.175126E+01    0.184728E+01    0.197263E+01    0.211451E+01    0.217076E+01    0.225973E+01    0.231439E+01    0.233008E+01    0.245879E+01    0.247346E+01    0.261750E+01    0.267199E+01    0.314769E+01    0.341195E+01    0.671741E+01    0.671765E+01
    0.470000E+01   -0.971420E+00   -0.789710E+00   -0.728344E+00   -0.554375E+00   -0.300503E+00   -0.108048E+00   -0.102261E+00    0.905201E-01    0.425729E+00    0.642664E+00    0.737658E+00    0.901298E+00    0.181850E+01    0.190043E+01    0.198870E+01    0.213630E+01    0.218730E+01    0.229732E+01    0.234371E+01    0.235081E+01    0.249853E+01    0.250862E+01    0.266310E+01    0.270938E+01    0.322890E+01    0.349284E+01    0.681607E+01    0.681630E+01
    0.480000E+01   -0.953005E+00   -0.771839E+00   -0.713689E+00   -0.538662E+00   -0.298531E+00   -0.105670E+00   -0.100284E+00    0.928658E-01    0.460588E+00    0.678904E+00    0.774067E+00    0.937750E+00    0.188503E+01    0.194514E+01    0.200964E+01    0.215357E+01    0.220188E+01    0.233737E+01    0.236713E+01    0.237750E+01    0.253998E+01    0.254674E+01    0.270932E+01    0.274902E+01    0.331094E+01    0.357452E+01    0.691476E+01    0.691498E+01
    0.490000E+01   -0.935582E+00   -0.754696E+00   -0.699671E+00   -0.523602E+00   -0.296635E+00   -0.103403E+00   -0.983786E-01    0.951110E-01    0.496202E+00    0.715724E+00    0.811004E+00    0.974742E+00    0.195086E+01    0.197332E+01    0.204330E+01    0.216723E+01    0.221571E+01    0.237943E+01    0.238080E+01    0.241412E+01    0.258280E+01    0.258729E+01    0.275601E+01    0.279043E+01    0.339379E+01    0.365694E+01    0.701347E+01    0.701369E+01
    0.500000E+01   -0.919094E+00   -0.738268E+00   -0.686263E+00   -0.509172E+00   -0.294812E+00   -0.101237E+00   -0.965424E-01    0.972622E-01    0.532543E+00    0.753097E+00    0.848442E+00    0.101224E+01    0.198799E+01    0.201603E+01    0.208557E+01    0.217819E+01    0.223069E+01    0.239223E+01    0.242302E+01    0.245335E+01    0.262670E+01    0.262968E+01    0.280305E+01    0.283319E+01    0.347741E+01    0.374006E+01    0.711222E+01    0.711243E+01
    0.510000E+01   -0.903484E+00   -0.722539E+00   -0.673438E+00   -0.495349E+00   -0.293058E+00   -0.991660E-01   -0.947714E-01    0.993256E-01    0.569578E+00    0.790991E+00    0.886352E+00    0.105023E+01    0.199706E+01    0.208054E+01    0.212613E+01    0.218715E+01    0.224977E+01    0.240240E+01    0.246773E+01    0.249451E+01    0.267143E+01    0.267343E+01    0.285037E+01    0.287701E+01    0.356177E+01    0.382384E+01    0.721100E+01    0.721119E+01
    0.520000E+01   -0.888698E+00   -0.707492E+00   -0.661170E+00   -0.482110E+00   -0.291368E+00   -0.971823E-01   -0.930624E-01    0.101307E+00    0.607274E+00    0.829376E+00    0.924707E+00    0.108867E+01    0.200374E+01    0.214441E+01    0.215846E+01    0.219463E+01    0.227635E+01    0.241232E+01    0.251326E+01    0.253711E+01    0.271683E+01    0.271817E+01    0.289791E+01    0.292166E+01    0.364686E+01    0.390824E+01    0.730980E+01    0.730999E+01
    0.530000E+01   -0.874684E+00   -0.693106E+00   -0.649433E+00   -0.469432E+00   -0.289738E+00   -0.952805E-01   -0.914122E-01    0.103210E+00    0.645595E+00    0.868222E+00    0.963478E+00    0.112753E+01    0.200915E+01    0.218047E+01    0.220102E+01    0.220768E+01    0.231065E+01    0.242355E+01    0.255940E+01    0.258080E+01    0.276277E+01    0.276366E+01    0.294564E+01    0.296697E+01    0.373263E+01    0.399324E+01    0.740862E+01    0.740880E+01
    0.540000E+01   -0.861393E+00   -0.679359E+00   -0.638203E+00   -0.457292E+00   -0.288166E+00   -0.934552E-01   -0.898179E-01    0.105041E+00    0.684504E+00    0.907498E+00    0.100264E+01    0.116680E+01    0.201377E+01    0.219463E+01    0.220660E+01    0.227036E+01    0.234713E+01    0.243922E+01    0.260600E+01    0.262534E+01    0.280913E+01    0.280973E+01    0.299352E+01    0.301280E+01    0.381906E+01    0.407879E+01    0.750747E+01    0.750765E+01
    0.550000E+01   -0.848780E+00   -0.666227E+00   -0.627456E+00   -0.445667E+00   -0.286648E+00   -0.917016E-01   -0.882768E-01    0.106803E+00    0.723963E+00    0.947173E+00    0.104215E+01    0.120643E+01    0.201787E+01    0.220422E+01    0.221156E+01    0.233248E+01    0.237715E+01    0.246491E+01    0.265297E+01    0.267055E+01    0.285584E+01    0.285624E+01    0.304154E+01    0.305907E+01    0.390612E+01    0.416488E+01    0.760634E+01    0.760652E+01
    0.560000E+01   -0.836801E+00   -0.653685E+00   -0.617167E+00   -0.434535E+00   -0.285182E+00   -0.900152E-01   -0.867864E-01    0.108501E+00    0.763933E+00    0.987216E+00    0.108200E+01    0.124640E+01    0.202159E+01    0.221127E+01    0.221605E+01    0.239406E+01    0.239609E+01    0.250334E+01    0.270022E+01    0.271629E+01    0.290285E+01    0.290310E+01    0.308967E+01    0.310570E+01    0.399378E+01    0.425147E+01    0.770524E+01    0.770541E+01
    0.570000E+01   -0.825416E+00   -0.641710E+00   -0.607315E+00   -0.423874E+00   -0.283765E+00   -0.883922E-01   -0.853442E-01    0.110137E+00    0.804376E+00    0.102759E+01    0.112214E+01    0.128667E+01    0.202505E+01    0.221686E+01    0.222019E+01    0.240737E+01    0.245512E+01    0.255020E+01    0.274771E+01    0.276246E+01    0.295010E+01    0.295026E+01    0.313790E+01    0.315263E+01    0.408201E+01    0.433854E+01    0.780416E+01    0.780432E+01
    0.580000E+01   -0.814586E+00   -0.630275E+00   -0.597877E+00   -0.413663E+00   -0.282395E+00   -0.868286E-01   -0.839480E-01    0.111716E+00    0.845253E+00    0.106828E+01    0.116256E+01    0.132722E+01    0.202833E+01    0.222156E+01    0.222408E+01    0.241495E+01    0.251569E+01    0.260108E+01    0.279539E+01    0.280900E+01    0.299757E+01    0.299765E+01    0.318622E+01    0.319981E+01    0.417077E+01    0.442608E+01    0.790310E+01    0.790326E+01
    0.590000E+01   -0.804277E+00   -0.619354E+00   -0.588834E+00   -0.403880E+00   -0.281068E+00   -0.853213E-01   -0.825957E-01    0.113240E+00    0.886524E+00    0.110923E+01    0.120320E+01    0.136802E+01    0.203150E+01    0.222568E+01    0.222780E+01    0.242076E+01    0.257579E+01    0.265385E+01    0.284323E+01    0.285583E+01    0.304521E+01    0.304525E+01    0.323463E+01    0.324721E+01    0.426006E+01    0.451404E+01    0.800206E+01    0.800221E+01
    0.600000E+01   -0.794456E+00   -0.608924E+00   -0.580164E+00   -0.394505E+00   -0.279784E+00   -0.838669E-01   -0.812853E-01    0.114712E+00    0.928151E+00    0.115043E+01    0.124406E+01    0.140903E+01    0.203459E+01    0.222944E+01    0.223139E+01    0.242562E+01    0.263545E+01    0.270756E+01    0.289122E+01    0.290292E+01    0.309301E+01    0.309301E+01    0.328310E+01    0.329479E+01    0.434983E+01    0.460243E+01    0.810105E+01    0.810119E+01
    0.610000E+01   -0.785092E+00   -0.598960E+00   -0.571850E+00   -0.385520E+00   -0.278539E+00   -0.824628E-01   -0.800149E-01    0.116135E+00    0.970092E+00    0.119183E+01    0.128508E+01    0.145021E+01    0.203767E+01    0.223297E+01    0.223493E+01    0.242996E+01    0.269468E+01    0.276175E+01    0.293932E+01    0.295023E+01    0.314093E+01    0.314095E+01    0.333164E+01    0.334254E+01    0.444006E+01    0.469122E+01    0.820005E+01    0.820019E+01
    0.620000E+01   -0.776157E+00   -0.589438E+00   -0.563873E+00   -0.376904E+00   -0.277333E+00   -0.811061E-01   -0.787828E-01    0.117510E+00    0.101231E+01    0.123339E+01    0.132623E+01    0.149153E+01    0.204077E+01    0.223636E+01    0.223847E+01    0.243400E+01    0.275351E+01    0.281620E+01    0.298753E+01    0.299773E+01    0.318897E+01    0.318901E+01    0.338024E+01    0.339043E+01    0.453074E+01    0.478038E+01    0.829907E+01    0.829921E+01
    0.630000E+01   -0.767626E+00   -0.580335E+00   -0.556216E+00   -0.368641E+00   -0.276163E+00   -0.797945E-01   -0.775872E-01    0.118842E+00    0.105476E+01    0.127509E+01    0.136748E+01    0.153296E+01    0.204393E+01    0.223969E+01    0.224204E+01    0.243788E+01    0.281196E+01    0.287076E+01    0.303584E+01    0.304540E+01    0.323712E+01    0.323717E+01    0.342890E+01    0.343845E+01    0.462183E+01    0.486991E+01    0.839811E+01    0.839824E+01
    0.640000E+01   -0.759472E+00   -0.571629E+00   -0.548863E+00   -0.360713E+00   -0.275028E+00   -0.785256E-01   -0.764266E-01    0.120131E+00    0.109740E+01    0.131687E+01    0.140878E+01    0.157444E+01    0.204719E+01    0.224302E+01    0.224571E+01    0.244170E+01    0.287005E+01    0.292536E+01    0.308423E+01    0.309321E+01    0.328538E+01    0.328543E+01    0.347760E+01    0.348658E+01    0.471331E+01    0.495978E+01    0.849717E+01    0.849730E+01
    0.650000E+01   -0.751675E+00   -0.563299E+00   -0.541799E+00   -0.353103E+00   -0.273927E+00   -0.772973E-01   -0.752996E-01    0.121380E+00    0.114018E+01    0.135870E+01    0.145008E+01    0.161593E+01    0.205060E+01    0.224642E+01    0.224952E+01    0.244556E+01    0.292779E+01    0.297993E+01    0.313269E+01    0.314115E+01    0.333373E+01    0.333378E+01    0.352636E+01    0.353482E+01    0.480517E+01    0.504998E+01    0.859624E+01    0.859637E+01
    0.660000E+01   -0.744212E+00   -0.555325E+00   -0.535008E+00   -0.345796E+00   -0.272857E+00   -0.761077E-01   -0.742047E-01    0.122590E+00    0.118307E+01    0.140052E+01    0.149133E+01    0.165738E+01    0.205421E+01    0.224992E+01    0.225353E+01    0.244952E+01    0.298520E+01    0.303446E+01    0.318122E+01    0.318921E+01    0.338215E+01    0.338221E+01    0.357516E+01    0.358314E+01    0.489738E+01    0.514050E+01    0.869534E+01    0.869546E+01
    0.670000E+01   -0.737064E+00   -0.547688E+00   -0.528478E+00   -0.338776E+00   -0.271817E+00   -0.749548E-01   -0.731405E-01    0.123764E+00    0.122600E+01    0.144227E+01    0.153247E+01    0.169871E+01    0.205807E+01    0.225359E+01    0.225780E+01    0.245365E+01    0.304231E+01    0.308890E+01    0.322982E+01    0.323737E+01    0.343065E+01    0.343071E+01    0.362400E+01    0.363155E+01    0.498993E+01    0.523133E+01    0.879445E+01    0.879456E+01
    0.680000E+01   -0.730213E+00   -0.540370E+00   -0.522195E+00   -0.332030E+00   -0.270807E+00   -0.738370E-01   -0.721059E-01    0.124902E+00    0.126892E+01    0.148390E+01    0.157342E+01    0.173987E+01    0.206224E+01    0.225748E+01    0.226239E+01    0.245802E+01    0.309912E+01    0.314327E+01    0.327847E+01    0.328562E+01    0.347922E+01    0.347928E+01    0.367288E+01    0.368003E+01    0.508279E+01    0.532244E+01    0.889357E+01    0.889369E+01
    0.690000E+01   -0.723643E+00   -0.533353E+00   -0.516148E+00   -0.325543E+00   -0.269825E+00   -0.727526E-01   -0.710997E-01    0.126008E+00    0.131178E+01    0.152532E+01    0.161411E+01    0.178076E+01    0.206680E+01    0.226167E+01    0.226739E+01    0.246272E+01    0.315566E+01    0.319753E+01    0.332718E+01    0.333396E+01    0.352785E+01    0.352791E+01    0.372180E+01    0.372858E+01    0.517596E+01    0.541383E+01    0.899272E+01    0.899283E+01
    0.700000E+01   -0.717336E+00   -0.526622E+00   -0.510323E+00   -0.319303E+00   -0.268869E+00   -0.717001E-01   -0.701206E-01    0.127081E+00    0.135449E+01    0.156646E+01    0.165444E+01    0.182129E+01    0.207184E+01    0.226621E+01    0.227289E+01    0.246782E+01    0.321193E+01    0.325170E+01    0.337593E+01    0.338238E+01    0.357654E+01    0.357659E+01    0.377075E+01    0.377720E+01    0.526940E+01    0.550548E+01    0.909187E+01    0.909198E+01
    0.710000E+01   -0.711279E+00   -0.520162E+00   -0.504711E+00   -0.313298E+00   -0.267940E+00   -0.706782E-01   -0.691677E-01    0.128123E+00    0.139697E+01    0.160720E+01    0.169429E+01    0.186132E+01    0.207745E+01    0.227121E+01    0.227900E+01    0.247343E+01    0.326796E+01    0.330576E+01    0.342473E+01    0.343087E+01    0.362527E+01    0.362533E+01    0.381974E+01    0.382587E+01    0.536312E+01    0.559739E+01    0.919105E+01    0.919115E+01
    0.720000E+01   -0.705458E+00   -0.513957E+00   -0.499301E+00   -0.307516E+00   -0.267034E+00   -0.696853E-01   -0.682399E-01    0.129136E+00    0.143914E+01    0.164743E+01    0.173353E+01    0.190071E+01    0.208379E+01    0.227675E+01    0.228585E+01    0.247968E+01    0.332374E+01    0.335972E+01    0.347357E+01    0.347942E+01    0.367406E+01    0.367411E+01    0.386875E+01    0.387460E+01    0.545709E+01    0.568954E+01    0.929024E+01    0.929034E+01
    0.730000E+01   -0.699859E+00   -0.507994E+00   -0.494083E+00   -0.301945E+00   -0.266153E+00   -0.687204E-01   -0.673363E-01    0.130121E+00    0.148087E+01    0.168700E+01    0.177199E+01    0.193926E+01    0.209102E+01    0.228296E+01    0.229361E+01    0.248669E+01    0.337930E+01    0.341358E+01    0.352246E+01    0.352804E+01    0.372289E+01    0.372294E+01    0.391780E+01    0.392338E+01    0.555130E+01    0.578193E+01    0.938944E+01    0.938953E+01
    0.740000E+01   -0.694472E+00   -0.502262E+00   -0.489048E+00   -0.296577E+00   -0.265295E+00   -0.677821E-01   -0.664560E-01    0.131079E+00    0.152202E+01    0.172575E+01    0.180948E+01    0.197670E+01    0.209937E+01    0.228998E+01    0.230246E+01    0.249465E+01    0.343465E+01    0.346733E+01    0.357137E+01    0.357671E+01    0.377176E+01    0.377181E+01    0.396687E+01    0.397220E+01    0.564575E+01    0.587453E+01    0.948865E+01    0.948875E+01
    0.750000E+01   -0.689285E+00   -0.496746E+00   -0.484188E+00   -0.291401E+00   -0.264458E+00   -0.668695E-01   -0.655980E-01    0.132011E+00    0.156244E+01    0.176349E+01    0.184579E+01    0.201272E+01    0.210916E+01    0.229798E+01    0.231261E+01    0.250376E+01    0.348980E+01    0.352098E+01    0.362033E+01    0.362543E+01    0.382068E+01    0.382072E+01    0.401597E+01    0.402107E+01    0.574041E+01    0.596736E+01    0.958788E+01    0.958797E+01
    0.760000E+01   -0.684287E+00   -0.491437E+00   -0.479494E+00   -0.286408E+00   -0.263642E+00   -0.659813E-01   -0.647615E-01    0.132919E+00    0.160192E+01    0.180001E+01    0.188064E+01    0.204681E+01    0.212080E+01    0.230716E+01    0.232433E+01    0.251426E+01    0.354476E+01    0.357453E+01    0.366932E+01    0.367420E+01    0.386963E+01    0.386967E+01    0.406509E+01    0.406998E+01    0.583527E+01    0.606038E+01    0.968712E+01    0.968721E+01
    0.770000E+01   -0.679469E+00   -0.486324E+00   -0.474958E+00   -0.281588E+00   -0.262847E+00   -0.651168E-01   -0.639458E-01    0.133802E+00    0.164021E+01    0.183508E+01    0.191376E+01    0.207833E+01    0.213495E+01    0.231773E+01    0.233789E+01    0.252642E+01    0.359953E+01    0.362798E+01    0.371834E+01    0.372302E+01    0.391861E+01    0.391865E+01    0.411424E+01    0.411892E+01    0.593033E+01    0.615361E+01    0.978638E+01    0.978647E+01
    0.780000E+01   -0.674822E+00   -0.481397E+00   -0.470572E+00   -0.276935E+00   -0.262071E+00   -0.642748E-01   -0.631501E-01    0.134663E+00    0.167705E+01    0.186850E+01    0.194487E+01    0.210646E+01    0.215232E+01    0.232993E+01    0.235357E+01    0.254053E+01    0.365413E+01    0.368134E+01    0.376739E+01    0.377188E+01    0.396763E+01    0.396766E+01    0.416341E+01    0.416791E+01    0.602558E+01    0.624703E+01    0.988565E+01    0.988573E+01
    0.790000E+01   -0.670337E+00   -0.476646E+00   -0.466331E+00   -0.272440E+00   -0.261315E+00   -0.634545E-01   -0.623737E-01    0.135501E+00    0.171209E+01    0.190010E+01    0.197369E+01    0.213097E+01    0.217313E+01    0.234400E+01    0.237164E+01    0.255689E+01    0.370856E+01    0.373461E+01    0.381646E+01    0.382078E+01    0.401668E+01    0.401671E+01    0.421261E+01    0.421692E+01    0.612100E+01    0.634062E+01    0.998493E+01    0.998501E+01
    0.800000E+01   -0.666006E+00   -0.472063E+00   -0.462228E+00   -0.268095E+00   -0.260576E+00   -0.626552E-01   -0.616158E-01    0.136319E+00    0.174500E+01    0.192977E+01    0.200000E+01    0.215289E+01    0.219627E+01    0.236016E+01    0.239232E+01    0.257578E+01    0.376284E+01    0.378778E+01    0.386557E+01    0.386972E+01    0.406575E+01    0.406578E+01    0.426182E+01    0.426597E+01    0.621659E+01    0.643440E+01    0.100842E+02    0.100843E+02
    0.810000E+01   -0.661822E+00   -0.467640E+00   -0.458256E+00   -0.263894E+00   -0.259855E+00   -0.618759E-01   -0.608760E-01    0.137116E+00    0.177542E+01    0.195746E+01    0.202366E+01    0.217377E+01    0.222016E+01    0.237862E+01    0.241573E+01    0.259740E+01    0.381697E+01    0.384088E+01    0.391470E+01    0.391869E+01    0.411486E+01    0.411489E+01    0.431106E+01    0.431505E+01    0.631234E+01    0.652834E+01    0.101835E+02    0.101836E+02
    0.820000E+01   -0.657777E+00   -0.463368E+00   -0.454409E+00   -0.259830E+00   -0.259151E+00   -0.611159E-01   -0.601534E-01    0.137893E+00    0.180307E+01    0.198318E+01    0.204465E+01    0.219457E+01    0.224381E+01    0.239956E+01    0.244192E+01    0.262186E+01    0.387096E+01    0.389388E+01    0.396385E+01    0.396770E+01    0.416399E+01    0.416402E+01    0.436031E+01    0.436416E+01    0.640824E+01    0.662244E+01    0.102828E+02    0.102829E+02
    0.830000E+01   -0.653865E+00   -0.459240E+00   -0.450682E+00   -0.258463E+00   -0.255897E+00   -0.603745E-01   -0.594476E-01    0.138651E+00    0.182776E+01    0.200696E+01    0.206303E+01    0.221557E+01    0.226697E+01    0.242315E+01    0.247079E+01    0.264914E+01    0.392482E+01    0.394681E+01    0.401303E+01    0.401673E+01    0.421314E+01    0.421317E+01    0.440958E+01    0.441329E+01    0.650429E+01    0.671670E+01    0.103822E+02    0.103822E+02
    0.840000E+01   -0.650079E+00   -0.455250E+00   -0.447070E+00   -0.257790E+00   -0.252089E+00   -0.596510E-01   -0.587580E-01    0.139392E+00    0.184943E+01    0.202876E+01    0.207900E+01    0.223648E+01    0.229002E+01    0.244947E+01    0.250217E+01    0.267912E+01    0.397854E+01    0.399966E+01    0.406223E+01    0.406580E+01    0.426232E+01    0.426235E+01    0.445887E+01    0.446245E+01    0.660047E+01    0.681110E+01    0.104815E+02    0.104816E+02
    0.850000E+01   -0.646414E+00   -0.451391E+00   -0.443567E+00   -0.257134E+00   -0.248400E+00   -0.589448E-01   -0.580840E-01    0.140114E+00    0.186819E+01    0.204853E+01    0.209278E+01    0.225662E+01    0.231380E+01    0.247853E+01    0.253581E+01    0.271157E+01    0.403214E+01    0.405243E+01    0.411145E+01    0.411490E+01    0.431153E+01    0.431155E+01    0.450818E+01    0.451163E+01    0.669678E+01    0.690566E+01    0.105808E+02    0.105809E+02
    0.860000E+01   -0.642865E+00   -0.447657E+00   -0.440170E+00   -0.256491E+00   -0.244826E+00   -0.582552E-01   -0.574250E-01    0.140820E+00    0.188426E+01    0.206621E+01    0.210464E+01    0.227505E+01    0.233946E+01    0.251022E+01    0.257144E+01    0.274622E+01    0.408563E+01    0.410513E+01    0.416069E+01    0.416402E+01    0.436075E+01    0.436077E+01    0.455751E+01    0.456084E+01    0.679322E+01    0.700035E+01    0.106802E+02    0.106803E+02
    0.870000E+01   -0.639426E+00   -0.444042E+00   -0.436873E+00   -0.255863E+00   -0.241361E+00   -0.575817E-01   -0.567807E-01    0.141509E+00    0.189797E+01    0.208181E+01    0.211485E+01    0.229108E+01    0.236786E+01    0.254430E+01    0.260880E+01    0.278279E+01    0.413900E+01    0.415776E+01    0.420995E+01    0.421317E+01    0.441000E+01    0.441002E+01    0.460685E+01    0.461007E+01    0.688977E+01    0.709517E+01    0.107796E+02    0.107796E+02
    0.880000E+01   -0.636092E+00   -0.440541E+00   -0.433673E+00   -0.255249E+00   -0.238000E+00   -0.569237E-01   -0.561506E-01    0.142182E+00    0.190963E+01    0.209542E+01    0.212366E+01    0.230457E+01    0.239928E+01    0.258050E+01    0.264763E+01    0.282100E+01    0.419227E+01    0.421032E+01    0.425923E+01    0.426234E+01    0.445926E+01    0.445928E+01    0.465620E+01    0.465932E+01    0.698644E+01    0.719013E+01    0.108789E+02    0.108790E+02
    0.890000E+01   -0.632858E+00   -0.437148E+00   -0.430564E+00   -0.254648E+00   -0.234739E+00   -0.562806E-01   -0.555341E-01    0.142840E+00    0.191957E+01    0.210719E+01    0.213129E+01    0.231582E+01    0.243350E+01    0.261852E+01    0.268771E+01    0.286059E+01    0.424544E+01    0.426282E+01    0.430852E+01    0.431153E+01    0.450854E+01    0.450856E+01    0.470557E+01    0.470859E+01    0.708322E+01    0.728521E+01    0.109783E+02    0.109784E+02
    0.900000E+01   -0.629720E+00   -0.433859E+00   -0.427545E+00   -0.254060E+00   -0.231575E+00   -0.556520E-01   -0.549308E-01    0.143483E+00    0.192808E+01    0.211735E+01    0.213793E+01    0.232522E+01    0.247010E+01    0.265806E+01    0.272885E+01    0.290136E+01    0.429851E+01    0.431525E+01    0.435784E+01    0.436075E+01    0.455785E+01    0.455786E+01    0.475496E+01    0.475787E+01    0.718010E+01    0.738040E+01    0.110777E+02    0.110778E+02
    0.910000E+01   -0.626675E+00   -0.430669E+00   -0.424611E+00   -0.253484E+00   -0.228502E+00   -0.550374E-01   -0.543404E-01    0.144112E+00    0.193540E+01    0.212610E+01    0.214373E+01    0.233315E+01    0.250867E+01    0.269888E+01    0.277088E+01    0.294312E+01    0.435148E+01    0.436762E+01    0.440717E+01    0.440999E+01    0.460716E+01    0.460718E+01    0.480436E+01    0.480718E+01    0.727708E+01    0.747572E+01    0.111771E+02    0.111772E+02
    0.920000E+01   -0.623717E+00   -0.427574E+00   -0.421758E+00   -0.252921E+00   -0.225517E+00   -0.544363E-01   -0.537624E-01    0.144728E+00    0.194174E+01    0.213366E+01    0.214884E+01    0.233991E+01    0.254884E+01    0.274077E+01    0.281368E+01    0.298571E+01    0.440437E+01    0.441993E+01    0.445651E+01    0.445925E+01    0.465650E+01    0.465651E+01    0.485377E+01    0.485651E+01    0.737416E+01    0.757115E+01    0.112765E+02    0.112766E+02
    0.930000E+01   -0.620844E+00   -0.424570E+00   -0.418983E+00   -0.252369E+00   -0.222617E+00   -0.538482E-01   -0.531964E-01    0.145330E+00    0.194726E+01    0.214022E+01    0.215335E+01    0.234574E+01    0.259033E+01    0.278355E+01    0.285712E+01    0.302901E+01    0.445717E+01    0.447219E+01    0.450587E+01    0.450853E+01    0.470585E+01    0.470586E+01    0.490319E+01    0.490585E+01    0.747132E+01    0.766668E+01    0.113760E+02    0.113760E+02
    0.940000E+01   -0.618052E+00   -0.421653E+00   -0.416284E+00   -0.251829E+00   -0.219797E+00   -0.532728E-01   -0.526421E-01    0.145918E+00    0.195210E+01    0.214593E+01    0.215736E+01    0.235081E+01    0.263289E+01    0.282708E+01    0.290112E+01    0.307292E+01    0.450989E+01    0.452439E+01    0.455525E+01    0.455783E+01    0.475522E+01    0.475523E+01    0.495263E+01    0.495521E+01    0.756858E+01    0.776232E+01    0.114754E+02    0.114755E+02
    0.950000E+01   -0.615338E+00   -0.418819E+00   -0.413657E+00   -0.251299E+00   -0.217056E+00   -0.527096E-01   -0.520991E-01    0.146495E+00    0.195638E+01    0.215094E+01    0.216095E+01    0.235525E+01    0.267635E+01    0.287124E+01    0.294560E+01    0.311734E+01    0.456254E+01    0.457653E+01    0.460464E+01    0.460714E+01    0.480460E+01    0.480461E+01    0.500208E+01    0.500458E+01    0.766591E+01    0.785806E+01    0.115748E+02    0.115749E+02
    0.960000E+01   -0.612698E+00   -0.416066E+00   -0.411100E+00   -0.250781E+00   -0.214389E+00   -0.521582E-01   -0.515672E-01    0.147059E+00    0.196017E+01    0.215536E+01    0.216417E+01    0.235917E+01    0.272054E+01    0.291595E+01    0.299050E+01    0.316222E+01    0.461510E+01    0.462862E+01    0.465405E+01    0.465647E+01    0.485400E+01    0.485401E+01    0.505154E+01    0.505397E+01    0.776332E+01    0.795389E+01    0.116743E+02    0.116743E+02
    0.970000E+01   -0.610130E+00   -0.413388E+00   -0.408610E+00   -0.250272E+00   -0.211794E+00   -0.516183E-01   -0.510458E-01    0.147612E+00    0.196356E+01    0.215928E+01    0.216708E+01    0.236266E+01    0.276536E+01    0.296111E+01    0.303576E+01    0.320748E+01    0.466760E+01    0.468067E+01    0.470346E+01    0.470582E+01    0.490341E+01    0.490342E+01    0.510101E+01    0.510337E+01    0.786081E+01    0.804982E+01    0.117737E+02    0.117738E+02
    0.980000E+01   -0.607630E+00   -0.410785E+00   -0.406184E+00   -0.249774E+00   -0.209268E+00   -0.510896E-01   -0.505348E-01    0.148153E+00    0.196661E+01    0.216278E+01    0.216971E+01    0.236579E+01    0.281070E+01    0.300668E+01    0.308134E+01    0.325308E+01    0.472003E+01    0.473266E+01    0.475289E+01    0.475519E+01    0.495283E+01    0.495284E+01    0.515049E+01    0.515279E+01    0.795837E+01    0.814585E+01    0.118732E+02    0.118733E+02
    0.990000E+01   -0.605197E+00   -0.408252E+00   -0.403820E+00   -0.249285E+00   -0.206808E+00   -0.505716E-01   -0.500338E-01    0.148683E+00    0.196936E+01    0.216592E+01    0.217211E+01    0.236860E+01    0.285648E+01    0.305259E+01    0.312721E+01    0.329898E+01    0.477239E+01    0.478461E+01    0.480234E+01    0.480457E+01    0.500227E+01    0.500227E+01    0.519999E+01    0.520222E+01    0.805600E+01    0.824196E+01    0.119727E+02    0.119727E+02
    0.100000E+02   -0.602826E+00   -0.405786E+00   -0.401516E+00   -0.248806E+00   -0.204412E+00   -0.500640E-01   -0.495426E-01    0.149202E+00    0.197185E+01    0.216874E+01    0.217430E+01    0.237115E+01    0.290265E+01    0.309881E+01    0.317332E+01    0.334515E+01    0.482469E+01    0.483652E+01    0.485179E+01    0.485396E+01    0.505172E+01    0.505172E+01    0.524949E+01    0.525166E+01    0.815370E+01    0.833815E+01    0.120722E+02    0.120722E+02
